# line-id; start_node_id; end_node_id; start_time; duration; frequency; co-ordinates, length
l1;51030;50474;7.25;0.41;1;(104.8757607154665, 197.36986825318786);14.2;
l2;50474;51030;7.5;0.41;1;(79.31722269497546, 3.6463938381469143);14.2;
l3;51577;51793;7.25;0.38;1;(14.101483422353125, 30.43254139602114);13.39;
l4;51793;51577;7.5;0.38;1;(195.23531485010744, 139.98397001430865);13.39;
l5;51381;51793;7.33;0.37;1;(19.744171457435012, 17.438942396087434);12.96;
l6;51793;51381;7.58;0.37;1;(195.23531485010744, 139.98397001430865);12.96;
l7;50466;50643;7.33;0.39;1;(187.6258248491656, 22.618558214085528);13.82;
l8;50643;50466;7.58;0.39;1;(21.87744514406631, 166.7580201306967);13.82;
l9;50614;50442;7.33;0.4;1;(8.404055073588921, 154.36689615967182);14.01;
l10;50442;50614;7.58;0.4;1;(185.69686366132385, 56.202794054404436);14.01;
l11;50635;51418;7.25;0.39;1;(52.80095619607966, 6.837933636247435);13.67;
l12;51418;50635;7.5;0.39;1;(123.53012888713583, 189.42630784711366);13.67;
l13;51840;50702;7.33;0.38;2;(3.7829179833725277, 123.35790352490173);13.19;
l14;50702;51840;7.08;0.38;2;(193.4886662812002, 62.188745883706346);13.19;
l15;51658;50507;7.0;0.39;2;(152.68040132857536, 10.362339916343874);13.58;
l16;50507;51658;6.75;0.39;2;(60.203451203069484, 187.02420036034803);13.58;