# line-id; start_node_id; end_node_id; start_time; duration; frequency; co-ordinates, length
l1;164620;164153;7.0;0.44;3;(5.076385516817623, 10.284397786043762);15.46;
l2;164153;164620;6.58;0.44;3;(184.50774796406407, 154.3818534932988);15.46;
l3;164299;164465;7.33;0.44;3;(20.413484181954693, 183.5478074124354);15.23;
l4;164465;164299;6.91;0.44;3;(178.25184759981957, 16.988882306965404);15.23;
l5;163181;163178;7.0;0.45;2;(193.43177356566122, 145.072222741419);15.84;
l6;163178;163181;6.75;0.45;2;(6.197499947290205, 41.73186376866138);15.84;
l7;163707;164667;7.0;0.43;2;(50.201994100070095, 199.33772444850948);14.94;
l8;164667;163707;6.75;0.43;2;(146.47047475350692, 7.7751104977219185);14.94;
l9;164742;163250;7.0;0.43;1;(2.419279282701337, 78.51980873380792);15.06;
l10;163250;164742;7.25;0.43;1;(195.03750015144502, 128.80717193870774);15.06;
l11;163670;163743;7.33;0.42;1;(199.8058119352011, 26.791033909841314);14.86;
l12;163743;163670;7.58;0.42;1;(9.722803890203426, 162.41979416157105);14.86;
l13;164058;164633;7.0;0.4;1;(194.07073657574824, 114.27765989317409);13.84;
l14;164633;164058;7.25;0.4;1;(8.518909811885425, 80.69107612459966);13.84;
l15;163656;163184;7.25;0.4;1;(192.82231617621258, 81.98337751756803);14.13;
l16;163184;163656;7.5;0.4;1;(3.2902284292607016, 124.26087689228237);14.13;