# line-id; start_node_id; end_node_id; start_time; duration; frequency; co-ordinates, length
l1;29663;29929;7.25;0.5;3;(8.244680614676435, 175.813617903902);17.36;
l2;29929;29663;6.83;0.5;3;(194.35449980639464, 22.93937445739128);17.36;
l3;29350;29204;7.25;0.44;3;(5.971479428899552, 23.646403633534536);15.44;
l4;29204;29350;6.83;0.44;3;(196.1359566994517, 160.33307562465984);15.44;
l5;29310;29793;7.25;0.4;1;(40.10541796676018, 2.6584570301547865);14.07;
l6;29793;29310;7.5;0.4;1;(149.37290346961015, 179.7395851796264);14.07;
l7;28818;28892;7.0;0.35;1;(9.41251647008488, 78.49503099951558);12.38;
l8;28892;28818;7.25;0.35;1;(195.6327938663324, 109.73733571862782);12.38;
l9;29412;29243;7.25;0.38;1;(194.38040057222685, 60.81796375722308);13.29;
l10;29243;29412;7.5;0.38;1;(19.234794089662067, 135.30004852466934);13.29;
l11;29965;29744;7.33;0.35;1;(55.80045238018193, 24.39344027853523);12.38;
l12;29744;29965;7.58;0.35;1;(144.49467692697866, 179.42226506026947);12.38;
l13;29239;28713;7.25;0.33;2;(35.2944343413624, 151.8364175821399);11.72;
l14;28713;29239;7.0;0.33;2;(160.2559592297646, 33.667424106830204);11.72;
l15;28816;28564;7.25;0.36;2;(48.34077487754766, 174.02499729228316);12.72;
l16;28564;28816;7.0;0.36;2;(142.50682308759045, 23.941734340398863);12.72;