# line-id; start_node_id; end_node_id; start_time; duration; frequency; co-ordinates, length
l1;52522;53469;7.0;0.47;3;(192.73159771633203, 164.11067743636454);16.42;
l2;53469;52522;6.58;0.47;3;(7.5105086612792435, 21.97151830997978);16.42;
l3;53122;53941;7.25;0.44;3;(23.235849297981854, 14.853004289442419);15.25;
l4;53941;53122;6.83;0.44;3;(176.58286582806068, 171.9710904057218);15.25;
l5;52549;53499;7.0;0.4;1;(42.88729204901624, 10.625259268298779);13.9;
l6;53499;52549;7.25;0.4;1;(162.84137145490521, 176.3664358760552);13.9;
l7;52758;53751;7.25;0.43;1;(18.80072581910864, 187.9345390245076);14.89;
l8;53751;52758;7.5;0.43;1;(173.4454030741156, 17.284444669630382);14.89;
l9;52865;52923;7.0;0.37;2;(52.69019473740821, 8.254517197908752);13.09;
l10;52923;52865;6.75;0.37;2;(135.45047718553965, 194.70749438231982);13.09;
l11;52718;53190;7.33;0.36;2;(7.952951894057127, 125.76156563284533);12.49;
l12;53190;52718;7.08;0.36;2;(176.5394950269523, 80.62491984486249);12.49;
l13;53159;53255;7.33;0.35;2;(9.944226348071538, 135.64751705775748);12.13;
l14;53255;53159;7.08;0.35;2;(174.05327073619046, 57.698127780571276);12.13;
l15;52873;52777;7.0;0.36;2;(14.994953784229569, 75.06836052344107);12.64;
l16;52777;52873;6.75;0.36;2;(188.8453440214017, 120.9502910377246);12.64;