# line-id; start_node_id; end_node_id; start_time; duration; frequency; co-ordinates, length
l1;16762;16538;7.25;0.43;2;(13.175280924595228, 13.406578701172329);14.88;
l2;16538;16762;7.0;0.43;2;(175.4553045951119, 188.84652403321496);14.88;
l3;16539;16545;7.0;0.41;2;(188.01367086480636, 168.31525703350428);14.39;
l4;16545;16539;6.75;0.41;2;(9.22595762137006, 27.49560789078425);14.39;
l5;16538;18100;7.25;0.4;1;(175.4553045951119, 188.84652403321496);14.03;
l6;18100;16538;7.5;0.4;1;(30.93683289886602, 19.592908393492547);14.03;
l7;16540;17350;7.0;0.4;1;(195.58642845546305, 145.71642500724417);13.92;
l8;17350;16540;7.25;0.4;1;(10.15947419085032, 49.89255212090236);13.92;
l9;17755;17871;7.33;0.39;1;(158.29431336179783, 0.3269824776959751);13.68;
l10;17871;17755;7.58;0.39;1;(40.957022002681626, 176.78376421178973);13.68;
l11;17587;17208;7.25;0.41;1;(56.41119735274216, 7.014221903146119);14.27;
l12;17208;17587;7.5;0.41;1;(138.34373582129732, 195.1700370111517);14.27;
l13;17010;16593;7.0;0.38;1;(197.47894151956547, 111.2825314570323);13.36;
l14;16593;17010;7.25;0.38;1;(13.400819416451288, 101.08106327354282);13.36;
l15;17026;16684;7.33;0.39;1;(186.84619684515425, 157.28549356090565);13.53;
l16;16684;17026;7.58;0.39;1;(16.614755804745595, 45.09249887405752);13.53;