# line-id; start_node_id; end_node_id; start_time; duration; frequency; co-ordinates, length
l1;22930;21613;7.0;0.47;2;(30.104898097513313, 196.40560965483562);16.39;
l2;21613;22930;6.75;0.47;2;(159.1224513440641, 8.198968501454159);16.39;
l3;22061;22381;7.33;0.4;2;(19.44444396692117, 173.80167629125572);13.85;
l4;22381;22061;7.08;0.4;2;(169.3896406273337, 30.82602832406074);13.85;
l5;22521;22141;7.25;0.41;1;(168.91021806793478, 197.89439781439802);14.26;
l6;22141;22521;7.5;0.41;1;(38.43043289219512, 23.047094750682113);14.26;
l7;22637;22261;7.0;0.4;1;(22.41454187772377, 36.27317769702668);14.06;
l8;22261;22637;7.25;0.4;1;(186.39167568012812, 159.36551553309428);14.06;
l9;22437;22010;7.0;0.37;3;(197.11103189043294, 125.16897321087502);12.98;
l10;22010;22437;6.58;0.37;3;(7.817221425873005, 92.57196320199331);12.98;
l11;22010;22544;7.0;0.36;3;(7.817221425873005, 92.57196320199331);12.77;
l12;22544;22010;6.58;0.36;3;(188.89941901850818, 93.41515216436713);12.77;
l13;21831;22544;7.0;0.36;1;(9.924790294575471, 97.06290138745167);12.49;
l14;22544;21831;7.25;0.36;1;(188.89941901850818, 93.41515216436713);12.49;
l15;22037;22381;7.25;0.36;1;(42.10670083910794, 164.1797327724585);12.58;
l16;22381;22037;7.5;0.36;1;(169.3896406273337, 30.82602832406074);12.58;