# line-id; start_node_id; end_node_id; start_time; duration; frequency; co-ordinates, length
l1;7480;8013;7.25;0.51;3;(12.239554347343702, 14.30272620037749);17.73;
l2;8013;7480;6.83;0.51;3;(186.71625513510767, 188.24792898880693);17.73;
l3;7586;8433;7.0;0.41;3;(11.212904171912168, 154.27199046960902);14.44;
l4;8433;7586;6.58;0.41;3;(194.9868226026446, 35.95757820584139);14.44;
l5;7587;7053;7.33;0.42;2;(33.8039723295411, 180.57573187207183);14.56;
l6;7053;7587;7.08;0.42;2;(164.73683606323095, 16.243519738268535);14.56;
l7;7241;6880;7.0;0.43;2;(154.34761531415933, 188.10069500079405);15.09;
l8;6880;7241;6.75;0.43;2;(52.23675686333513, 15.348637993101692);15.09;
l9;8390;8005;7.33;0.4;2;(11.506158156973427, 115.5214862375419);13.9;
l10;8005;8390;7.08;0.4;2;(190.24190344579725, 81.041203634764);13.9;
l11;8250;8390;7.0;0.36;2;(173.98565192421404, 79.91520145474394);12.46;
l12;8390;8250;6.75;0.36;2;(11.506158156973427, 115.5214862375419);12.46;
l13;8290;7743;7.33;0.39;1;(128.19404196371127, 3.055227546871055);13.64;
l14;7743;8290;7.58;0.39;1;(71.39825902870956, 188.09686120984182);13.64;
l15;7875;7479;7.0;0.4;1;(183.63564955356136, 142.58175277163744);13.96;
l16;7479;7875;7.25;0.4;1;(11.493225147796988, 54.18374308926484);13.96;