# line-id; start_node_id; end_node_id; start_time; duration; frequency; co-ordinates, length
l1;34950;34204;7.0;0.48;2;(13.087517247012396, 4.6355735098280135);16.91;
l2;34204;34950;6.75;0.48;2;(171.8023834491104, 180.76027719634743);16.91;
l3;34919;34494;7.0;0.49;2;(3.719814374263823, 171.75339527031272);17.19;
l4;34494;34919;6.75;0.49;2;(189.2939047606415, 28.240289198569524);17.19;
l5;34440;34204;7.0;0.48;1;(9.311383716747741, 17.79872973529722);16.96;
l6;34204;34440;7.25;0.48;1;(171.8023834491104, 180.76027719634743);16.96;
l7;34449;33722;7.0;0.46;1;(7.646675651975417, 30.178450710466514);16.15;
l8;33722;34449;7.25;0.46;1;(195.52879729676067, 151.9296792874906);16.15;
l9;34912;33722;7.25;0.42;1;(13.05764950430174, 42.4722493971393);14.78;
l10;33722;34912;7.5;0.42;1;(195.52879729676067, 151.9296792874906);14.78;
l11;33722;33669;7.33;0.41;1;(195.52879729676067, 151.9296792874906);14.5;
l12;33669;33722;7.58;0.41;1;(3.6604541028868374, 55.29463217319574);14.5;
l13;34648;34224;7.0;0.41;3;(54.095579037153364, 3.457610573132136);14.21;
l14;34224;34648;6.58;0.41;3;(146.80993033261294, 181.53820353707488);14.21;
l15;33759;35209;7.25;0.35;3;(85.66463057226345, 19.409059952869242);12.35;
l16;35209;33759;6.83;0.35;3;(124.37954945982884, 185.33791463698287);12.35;