# line-id; start_node_id; end_node_id; start_time; duration; frequency; co-ordinates, length
l1;44834;44144;7.33;0.47;1;(149.64839245505112, 2.0300547574545345);16.5;
l2;44144;44834;7.58;0.47;1;(50.55529645812365, 196.6193709598682);16.5;
l3;44164;45160;7.25;0.47;1;(172.36013668386255, 22.575262842421047);16.4;
l4;45160;44164;7.5;0.47;1;(22.278373291819232, 179.35953019194147);16.4;
l5;45504;45089;7.33;0.44;1;(17.24306126214229, 32.56409561802134);15.32;
l6;45089;45504;7.58;0.44;1;(176.76346046678688, 172.19920431124717);15.32;
l7;44502;45370;7.33;0.39;1;(22.336790183984565, 164.4748333673288);13.78;
l8;45370;44502;7.58;0.39;1;(173.24892505184746, 40.46474105935701);13.78;
l9;44674;44641;7.0;0.4;1;(42.79997555043761, 2.980208759218576);14.13;
l10;44641;44674;7.25;0.4;1;(151.21118916997315, 175.60929841056108);14.13;
l11;44151;44866;7.33;0.36;1;(156.429760869978, 173.60809359259366);12.76;
l12;44866;44151;7.58;0.36;1;(46.49205223838528, 32.330557246513685);12.76;
l13;45022;44213;7.33;0.34;2;(191.46244457553723, 69.9487872618686);11.89;
l14;44213;45022;7.08;0.34;2;(10.248980681573938, 125.49530751968024);11.89;
l15;44484;44487;7.33;0.33;2;(128.33919626540342, 22.774956686992724);11.44;
l16;44487;44484;7.08;0.33;2;(68.95080133316083, 175.83756719333277);11.44;