# line-id; start_node_id; end_node_id; start_time; duration; frequency; co-ordinates, length
l1;2742;3058;7.0;0.45;1;(41.506073654340156, 3.9363682607150077);15.88;
l2;3058;2742;7.25;0.45;1;(168.84045828968857, 187.52465102074308);15.88;
l3;2300;2874;7.25;0.45;1;(15.637788658667946, 14.219116738570492);15.74;
l4;2874;2300;7.5;0.45;1;(174.73947021394014, 174.54541185157532);15.74;
l5;2168;2441;7.25;0.43;1;(7.566979871039038, 163.61726537631125);15.12;
l6;2441;2168;7.5;0.43;1;(184.5849212885637, 38.914876075521185);15.12;
l7;3284;2488;7.0;0.41;1;(187.31583734998037, 46.45782542903377);14.47;
l8;2488;3284;7.25;0.41;1;(3.840483688359678, 151.78476500711335);14.47;
l9;1827;1568;7.0;0.37;1;(43.684273589177565, 186.91314020970597);13.06;
l10;1568;1827;7.25;0.37;1;(155.93631435411976, 27.432007848649956);13.06;
l11;2279;1568;7.25;0.36;1;(53.53565003559565, 190.56800755750518);12.63;
l12;1568;2279;7.5;0.36;1;(155.93631435411976, 27.432007848649956);12.63;
l13;3143;2718;7.0;0.36;3;(194.5430902280317, 104.94727641725385);12.6;
l14;2718;3143;6.58;0.36;3;(18.521401376484075, 103.19643562990969);12.6;
l15;1812;1732;7.0;0.37;3;(123.30082847970165, 190.84998349710568);13.06;
l16;1732;1812;6.58;0.37;3;(74.41943753205643, 14.131492428986922);13.06;