# line-id; start_node_id; end_node_id; start_time; duration; frequency; co-ordinates, length
l1;7989;7455;7.0;0.5;1;(167.25243582060628, 7.060435428255242);17.62;
l2;7455;7989;7.25;0.5;1;(21.696975177970742, 183.68184099410598);17.62;
l3;6933;7446;7.33;0.5;1;(6.512456517466931, 34.37718200655398);17.56;
l4;7446;6933;7.58;0.5;1;(197.1503829229343, 155.69734642611718);17.56;
l5;7000;8187;7.25;0.49;1;(5.8673365169273675, 29.11175553961719);17.23;
l6;8187;7000;7.5;0.49;1;(182.31225946709665, 179.89354036878288);17.23;
l7;8197;7134;7.33;0.45;1;(153.0008843939746, 8.530677656397184);15.8;
l8;7134;8197;7.58;0.45;1;(41.89748007860298, 174.3224656388465);15.8;
l9;8243;7134;7.25;0.45;2;(158.0536940785884, 8.223093390473887);15.61;
l10;7134;8243;7.0;0.45;2;(41.89748007860298, 174.3224656388465);15.61;
l11;7904;8296;7.33;0.44;2;(142.25079941893608, 9.565734393512525);15.35;
l12;8296;7904;7.08;0.44;2;(65.4236524725711, 198.50328273547743);15.35;
l13;7093;7308;7.33;0.41;1;(165.34169274831072, 30.15133895219234);14.38;
l14;7308;7093;7.58;0.41;1;(33.2878721391025, 169.43518860579346);14.38;
l15;8359;6934;7.0;0.41;1;(182.99437722664234, 160.0072234190414);14.41;
l16;6934;8359;7.25;0.41;1;(25.248047668199032, 36.93500842521089);14.41;