# line-id; start_node_id; end_node_id; start_time; duration; frequency; co-ordinates, length
l1;137845;138270;7.25;0.47;1;(25.50611355736442, 197.3067249369093);16.46;
l2;138270;137845;7.5;0.47;1;(180.5007164680453, 11.424871469662712);16.46;
l3;136475;136264;7.33;0.48;1;(183.49476228340762, 21.360647618551155);16.66;
l4;136264;136475;7.58;0.48;1;(21.313862671813776, 181.810755234405);16.66;
l5;136410;138081;7.0;0.45;1;(33.90126378297059, 195.59528368509058);15.77;
l6;138081;136410;7.25;0.45;1;(162.44018717349067, 2.4795690551788874);15.77;
l7;136107;137129;7.0;0.46;1;(20.35265735379721, 168.02056270401474);16.2;
l8;137129;136107;7.25;0.46;1;(179.95968094717682, 26.857757118846525);16.2;
l9;136158;136107;7.25;0.46;2;(193.15849484180487, 33.33635343207226);16.18;
l10;136107;136158;7.0;0.46;2;(20.35265735379721, 168.02056270401474);16.18;
l11;137743;138139;7.33;0.49;2;(184.90728488867217, 194.7250228809252);17.32;
l12;138139;137743;7.08;0.49;2;(40.09627918703037, 11.076086871626405);17.32;
l13;137383;137574;7.25;0.46;2;(160.78188749420195, 198.20282215943857);16.05;
l14;137574;137383;7.0;0.46;2;(48.244106550423474, 3.3753997376425398);16.05;
l15;136239;138679;7.0;0.43;2;(145.11280135761854, 5.514225806857663);15.08;
l16;138679;136239;6.75;0.43;2;(60.98269956899783, 196.3897370764132);15.08;
l17;136256;137430;7.33;0.48;1;(4.49223356757986, 45.22427155845545);16.95;
l18;137430;136256;7.58;0.48;1;(197.1156496940917, 151.72244161770476);16.95;
l19;138679;136239;7.25;0.43;1;(60.98269956899783, 196.3897370764132);15.22;
l20;136239;138679;7.5;0.43;1;(145.11280135761854, 5.514225806857663);15.22;
l21;136336;136171;7.33;0.46;1;(4.15674400344852, 112.36590646598728);16.05;
l22;136171;136336;7.58;0.46;1;(198.0868753260438, 83.54246459823335);16.05;
l23;136102;138139;7.25;0.45;1;(164.54302836196666, 187.6010311672674);15.68;
l24;138139;136102;7.5;0.45;1;(40.09627918703037, 11.076086871626405);15.68;