# line-id; start_node_id; end_node_id; start_time; duration; frequency; co-ordinates, length
l1;32191;31875;7.33;0.44;1;(7.134303139304229, 35.258866753244156);15.4;
l2;31875;32191;7.58;0.44;1;(190.17612408569866, 150.69053558730644);15.4;
l3;33534;32667;7.25;0.43;1;(164.2129467830433, 8.278968422657384);15.11;
l4;32667;33534;7.5;0.43;1;(50.08435186422232, 193.6672321713768);15.11;
l5;32967;32521;7.25;0.41;2;(21.8193419434956, 181.963781275902);14.44;
l6;32521;32967;7.0;0.41;2;(171.12189238480008, 20.918944868130836);14.44;
l7;32381;32718;7.0;0.42;2;(15.903949327704197, 12.703950543889498);14.61;
l8;32718;32381;6.75;0.42;2;(160.4847332877887, 170.16595141260206);14.61;
l9;32604;32197;7.33;0.38;3;(76.9427606320993, 192.54965372176395);13.21;
l10;32197;32604;6.91;0.38;3;(125.71843759972158, 16.675993830493173);13.21;
l11;32944;33142;7.25;0.38;3;(6.009965478125566, 120.40704046068925);13.38;
l12;33142;32944;6.83;0.38;3;(195.56384352973126, 81.07649245146806);13.38;
l13;32500;33140;7.0;0.39;2;(28.431741329463165, 40.8196686987556);13.49;
l14;33140;32500;6.75;0.39;2;(177.38670182127686, 156.89175139622827);13.49;
l15;32397;31921;7.25;0.38;2;(104.52201774393107, 4.120658831120388);13.29;
l16;31921;32397;7.0;0.38;2;(94.23525609393272, 181.86922792574777);13.29;