# line-id; start_node_id; end_node_id; start_time; duration; frequency; co-ordinates, length
l1;2;865;7.25;0.45;3;(9.480795532908584, 18.088442297662457);15.62;
l2;865;2;6.83;0.45;3;(183.77837235172723, 184.26908977349524);15.62;
l3;246;809;7.25;0.44;3;(171.70873510217334, 186.92765854196085);15.41;
l4;809;246;6.83;0.44;3;(30.425664349710086, 19.680978766336178);15.41;
l5;84;775;7.33;0.37;2;(156.4040189717584, 166.21975396719347);12.97;
l6;775;84;7.08;0.37;2;(50.246493148074656, 26.684101908115224);12.97;
l7;544;752;7.33;0.37;2;(120.64439571168248, 2.7242912555984473);12.78;
l8;752;544;7.08;0.37;2;(81.87859513144977, 188.93647455148164);12.78;
l9;132;347;7.33;0.37;2;(11.162227507759312, 94.63113779074442);13.06;
l10;347;132;7.08;0.37;2;(193.89403869805133, 106.55400025131362);13.06;
l11;1152;1138;7.25;0.37;2;(195.49686874191238, 127.69801341364122);12.85;
l12;1138;1152;7.0;0.37;2;(13.676928302690328, 73.17773710585067);12.85;
l13;689;1135;7.0;0.36;1;(10.964594469264496, 118.38204881925967);12.69;
l14;1135;689;7.25;0.36;1;(191.5703168933579, 76.1621729282785);12.69;
l15;1473;1174;7.0;0.36;1;(96.62981778487297, 197.3679871677897);12.76;
l16;1174;1473;7.25;0.36;1;(98.23445732615448, 5.562232540034011);12.76;