# line-id; start_node_id; end_node_id; start_time; duration; frequency; co-ordinates, length
l1;113171;112130;7.0;0.55;1;(183.16146980190533, 3.6993262102457183);19.37;
l2;112130;113171;7.25;0.55;1;(23.15347793348685, 191.99679780411728);19.37;
l3;110637;112546;7.25;0.53;1;(193.07699403698024, 32.4924176537792);18.69;
l4;112546;110637;7.5;0.53;1;(10.469249386343442, 164.43890462635295);18.69;
l5;112642;112141;7.0;0.55;1;(191.8973828164829, 192.9370868806985);19.08;
l6;112141;112642;7.25;0.55;1;(30.282738888873915, 13.880874679766421);19.08;
l7;112132;111239;7.0;0.5;1;(3.9323600148597952, 152.8723335523126);17.57;
l8;111239;112132;7.25;0.5;1;(192.37176521652506, 47.007035530903124);17.57;
l9;112147;110658;7.33;0.53;1;(155.4065813678109, 199.2862544564692);18.62;
l10;110658;112147;7.58;0.53;1;(37.175497062047725, 6.686076119232286);18.62;
l11;110658;111298;7.25;0.53;1;(37.175497062047725, 6.686076119232286);18.39;
l12;111298;110658;7.5;0.53;1;(164.2454114582295, 191.98549916303193);18.39;
l13;111157;112740;7.25;0.43;2;(147.25121203175078, 1.3577933423742614);15.06;
l14;112740;111157;7.0;0.43;2;(56.93904866000404, 198.69707294254727);15.06;
l15;110522;110834;7.33;0.44;2;(131.4334093276214, 190.93386569605434);15.44;
l16;110834;110522;7.08;0.44;2;(70.27228668823587, 5.6788189746695865);15.44;
l17;112154;111961;7.33;0.45;1;(143.8734104642286, 186.53848614919025);15.9;
l18;111961;112154;7.58;0.45;1;(53.23556403591529, 17.72325194515204);15.9;
l19;110834;110522;7.25;0.45;1;(70.27228668823587, 5.6788189746695865);15.84;
l20;110522;110834;7.5;0.45;1;(131.4334093276214, 190.93386569605434);15.84;
l21;111201;111961;7.0;0.45;1;(139.95491163546768, 185.2102908968191);15.85;
l22;111961;111201;7.25;0.45;1;(53.23556403591529, 17.72325194515204);15.85;
l23;110561;112588;7.25;0.42;1;(101.69525878639683, 199.18319895605788);14.72;
l24;112588;110561;7.5;0.42;1;(97.01461216536237, 1.2294140772776312);14.72;