# line-id; start_node_id; end_node_id; start_time; duration; frequency; co-ordinates, length
l1;110321;109344;7.33;0.47;1;(4.572621710551126, 190.90682036679084);16.34;
l2;109344;110321;7.58;0.47;1;(186.98013565347847, 20.961462426084534);16.34;
l3;108870;109333;7.25;0.45;1;(195.90983941118023, 32.89123254234944);15.63;
l4;109333;108870;7.5;0.45;1;(8.065872277135933, 164.70413292770104);15.63;
l5;109505;108866;7.33;0.43;2;(178.98764194318687, 14.92757216806098);15.17;
l6;108866;109505;7.08;0.43;2;(24.679959114855677, 190.23660322349613);15.17;
l7;109560;109646;7.25;0.44;2;(10.945079210802755, 7.627046236512526);15.4;
l8;109646;109560;7.0;0.44;2;(177.85308652931997, 180.74196170623094);15.4;
l9;110374;109569;7.0;0.42;1;(198.25831029114968, 124.31073101912699);14.59;
l10;109569;110374;7.25;0.42;1;(7.289172560445721, 64.83190910992722);14.59;
l11;109283;110345;7.33;0.37;1;(76.7649416153369, 194.4147620918038);13.02;
l12;110345;109283;7.58;0.37;1;(125.26297041565086, 12.514007987991214);13.02;
l13;109968;109367;7.25;0.37;1;(58.65442564567985, 11.614628605579881);13.1;
l14;109367;109968;7.5;0.37;1;(137.85550854376226, 175.9564834751663);13.1;
l15;110247;109053;7.33;0.37;1;(83.50597652350962, 186.87207745249148);12.96;
l16;109053;110247;7.58;0.37;1;(118.25834784821478, 11.222118704366427);12.96;