# line-id; start_node_id; end_node_id; start_time; duration; frequency; co-ordinates, length
l1;75322;76194;7.33;0.55;1;(12.083195262108763, 10.486677149641764);19.11;
l2;76194;75322;7.58;0.55;1;(188.26795541110008, 185.56414173625095);19.11;
l3;74746;75432;7.25;0.53;1;(169.14606378845187, 193.8697818951766);18.63;
l4;75432;74746;7.5;0.53;1;(37.49744196988265, 11.423776647197066);18.63;
l5;75601;75606;7.33;0.53;1;(39.35771305947594, 1.383240302281048);18.44;
l6;75606;75601;7.58;0.53;1;(159.67674301299954, 194.54951080706135);18.44;
l7;75974;74105;7.25;0.55;1;(188.48803654674367, 7.53977848351326);19.12;
l8;74105;75974;7.5;0.55;1;(12.452015036123642, 181.55247932141924);19.12;
l9;75727;73752;7.33;0.48;1;(58.96545514102827, 7.1854727891546455);16.7;
l10;73752;75727;7.58;0.48;1;(150.4387123816206, 193.17363920075474);16.7;
l11;73414;73440;7.25;0.49;1;(22.06347061575721, 182.90684413644132);17.25;
l12;73440;73414;7.5;0.49;1;(173.6024825539542, 18.05271991234609);17.25;
l13;74357;73760;7.25;0.47;2;(10.785636843600836, 31.25561108946768);16.55;
l14;73760;74357;7.0;0.47;2;(176.99344599213012, 162.29840009889347);16.55;
l15;75007;76150;7.0;0.47;2;(131.28361207739286, 197.55298292535153);16.56;
l16;76150;75007;6.75;0.47;2;(65.40032537047492, 2.3671270394124475);16.56;
l17;74480;75764;7.0;0.48;1;(2.7829175624773885, 147.4747821089738);16.7;
l18;75764;74480;7.25;0.48;1;(194.04754741243536, 55.1961843427777);16.7;
l19;74775;74704;7.25;0.44;1;(2.2244730223531266, 87.23209925267894);15.45;
l20;74704;74775;7.5;0.44;1;(184.21946169502183, 101.01084912441372);15.45;
l21;75947;74176;7.25;0.44;1;(157.24713592251166, 13.52878621425215);15.27;
l22;74176;75947;7.5;0.44;1;(49.987123782749705, 187.82235772296005);15.27;
l23;76095;74502;7.25;0.43;1;(62.64298195287122, 15.960830654903177);15.05;
l24;74502;76095;7.5;0.43;1;(130.92489463853227, 189.04558206358348);15.05;