# line-id; start_node_id; end_node_id; start_time; duration; frequency; co-ordinates, length
l1;65318;65723;7.25;0.41;1;(117.69953306296397, 198.98149701927719);14.35;
l2;65723;65318;7.5;0.41;1;(78.38988516796739, 3.5209853625979144);14.35;
l3;65586;64887;7.25;0.39;1;(164.36784496665007, 198.2884499508334);13.52;
l4;64887;65586;7.5;0.39;1;(49.15182048133489, 10.240684394212956);13.52;
l5;64804;65631;7.0;0.39;3;(188.33087842638128, 182.66526097920607);13.74;
l6;65631;64804;6.58;0.39;3;(23.665861518726263, 21.51347525485911);13.74;
l7;64196;64264;7.25;0.4;3;(195.98107496632278, 16.449542671729297);13.89;
l8;64264;64196;6.83;0.4;3;(33.9089151086902, 162.54041091904796);13.89;
l9;65817;64275;7.33;0.38;1;(3.3592656873052613, 91.48463174670663);13.16;
l10;64275;65817;7.58;0.38;1;(196.09005303989417, 98.75667878292371);13.16;
l11;65487;65838;7.0;0.37;1;(197.70975609504785, 73.2357097614221);13.12;
l12;65838;65487;7.25;0.37;1;(2.68267022098186, 124.11594296208527);13.12;
l13;65506;65571;7.25;0.41;1;(150.66143418624696, 5.781968716488609);14.19;
l14;65571;65506;7.5;0.41;1;(53.842565539481384, 185.37252715922628);14.19;
l15;65193;65614;7.0;0.36;1;(9.808256370492446, 74.18282917030393);12.47;
l16;65614;65193;7.25;0.36;1;(192.33076188676858, 126.68633209536647);12.47;