# line-id; start_node_id; end_node_id; start_time; duration; frequency; co-ordinates, length
l1;156042;155576;7.25;0.48;1;(25.822249958827996, 7.495444643705784);16.8;
l2;155576;156042;7.5;0.48;1;(159.64788401127407, 193.6957659634937);16.8;
l3;154880;156322;7.0;0.45;1;(7.9454177356403, 177.4413347633264);15.72;
l4;156322;154880;7.25;0.45;1;(185.7532622637561, 35.44143899652363);15.72;
l5;155305;155906;7.25;0.45;3;(194.8488295959209, 164.29009471704464);15.68;
l6;155906;155305;6.83;0.45;3;(24.718023516430197, 31.70501120310243);15.68;
l7;156156;155114;7.33;0.43;3;(38.892441913204905, 186.44405610029838);15.19;
l8;155114;156156;6.91;0.43;3;(167.63133680278833, 17.82347116762943);15.19;
l9;155226;155114;7.25;0.42;1;(36.65540069243443, 178.856340980158);14.57;
l10;155114;155226;7.5;0.42;1;(167.63133680278833, 17.82347116762943);14.57;
l11;154689;155042;7.0;0.4;1;(197.32705626128313, 144.32901815580442);13.87;
l12;155042;154689;7.25;0.4;1;(10.812574069029768, 69.20386382310903);13.87;
l13;156368;155876;7.33;0.36;1;(127.77842588629815, 12.304890550135369);12.48;
l14;155876;156368;7.58;0.36;1;(61.54701660591108, 186.14562919392912);12.48;
l15;155827;155568;7.33;0.35;1;(55.90759540880756, 185.31793315709345);12.41;
l16;155568;155827;7.58;0.35;1;(142.58604237781756, 26.931264430743248);12.41;