# line-id; start_node_id; end_node_id; start_time; duration; frequency; co-ordinates, length
l1;43437;43667;7.0;0.46;1;(13.898550405386963, 4.910230787663048);15.98;
l2;43667;43437;7.25;0.46;1;(166.71243562211168, 189.3076128603007);15.98;
l3;43282;43324;7.0;0.48;1;(7.661551430213197, 179.85603646312313);16.82;
l4;43324;43282;7.25;0.48;1;(190.2323451818637, 46.48684953344381);16.82;
l5;43111;43774;7.25;0.45;1;(17.259964074186097, 182.37929763351);15.58;
l6;43774;43111;7.5;0.45;1;(169.122312210993, 40.46336502509738);15.58;
l7;43574;43452;7.25;0.43;1;(142.39614680961037, 196.18331432567956);14.94;
l8;43452;43574;7.5;0.43;1;(66.28367582000047, 2.5631697178687576);14.94;
l9;42500;42694;7.0;0.43;1;(7.771528856074597, 33.26901533381502);15.1;
l10;42694;42500;7.25;0.43;1;(181.35982633886135, 137.40550140212187);15.1;
l11;42884;43131;7.33;0.37;1;(4.289929085302998, 64.04392456501535);12.92;
l12;43131;42884;7.58;0.37;1;(182.17100563391264, 133.4712348554134);12.92;
l13;43333;42694;7.33;0.35;2;(20.23602267448281, 49.886482180523394);12.25;
l14;42694;43333;7.08;0.35;2;(181.35982633886135, 137.40550140212187);12.25;
l15;42662;43261;7.25;0.36;2;(76.44342060292554, 5.175042876730225);12.56;
l16;43261;42662;7.0;0.36;2;(121.41221967825729, 188.95308510022153);12.56;