# line-id; start_node_id; end_node_id; start_time; duration; frequency; co-ordinates, length
l1;147541;147799;7.0;0.49;1;(28.074206629929506, 196.58268406385199);17.17;
l2;147799;147541;7.25;0.49;1;(167.11969958550355, 4.172538067685416);17.17;
l3;147922;146483;7.25;0.47;1;(18.272293173916033, 8.413824742991906);16.52;
l4;146483;147922;7.5;0.47;1;(169.23846445181687, 185.0223703264271);16.52;
l5;146403;147541;7.25;0.49;2;(167.17277415009082, 9.421255364765393);17.21;
l6;147541;146403;7.0;0.49;2;(28.074206629929506, 196.58268406385199);17.21;
l7;147182;146326;7.25;0.45;2;(13.249437658226006, 21.52619073270471);15.67;
l8;146326;147182;7.0;0.45;2;(182.94724919555742, 177.08220532280373);15.67;
l9;147319;146579;7.0;0.42;1;(24.490500340015664, 181.16115422975898);14.8;
l10;146579;147319;7.25;0.42;1;(174.5081818555972, 23.00791007836393);14.8;
l11;146813;146561;7.33;0.41;1;(168.83971980269143, 180.03527448777342);14.21;
l12;146561;146813;7.58;0.41;1;(35.874523857875964, 29.716271255906054);14.21;
l13;147852;147054;7.33;0.39;1;(2.3043230351664374, 155.49685818432005);13.81;
l14;147054;147852;7.58;0.39;1;(190.1769762278234, 51.14712118928893);13.81;
l15;147046;146712;7.0;0.42;1;(192.6495337821944, 92.87204132027698);14.64;
l16;146712;147046;7.25;0.42;1;(8.612317431749481, 103.35064388627153);14.64;