# line-id; start_node_id; end_node_id; start_time; duration; frequency; co-ordinates, length
l1;66201;67323;7.33;0.48;3;(185.36793473419036, 191.68939328676714);16.72;
l2;67323;66201;6.91;0.48;3;(18.42740686189158, 14.372760565105903);16.72;
l3;66572;66651;7.33;0.45;3;(23.047403312294456, 185.4306718359861);15.69;
l4;66651;66572;6.91;0.45;3;(179.71181024268515, 22.865069863821585);15.69;
l5;66624;66408;7.33;0.44;1;(196.06184820806652, 152.41447215114806);15.33;
l6;66408;66624;7.58;0.44;1;(0.547246932421647, 52.01647587284118);15.33;
l7;66033;66361;7.25;0.4;1;(184.1168514604881, 44.72418451297707);13.99;
l8;66361;66033;7.5;0.4;1;(23.54629091626039, 155.59566849644634);13.99;
l9;67234;66536;7.25;0.39;1;(148.87631333764918, 186.17761389433898);13.72;
l10;66536;67234;7.5;0.39;1;(52.57741959668295, 14.278388123280399);13.72;
l11;67213;66192;7.0;0.37;1;(50.7948791548841, 192.36667782546505);13.11;
l12;66192;67213;7.25;0.37;1;(143.1604336283991, 22.282757523454126);13.11;
l13;65987;66791;7.25;0.34;1;(73.55096318936565, 14.442753095881407);11.87;
l14;66791;65987;7.5;0.34;1;(116.90510006304541, 177.51522909288175);11.87;
l15;66121;66074;7.33;0.36;1;(141.8434761715521, 173.01701620975);12.73;
l16;66074;66121;7.58;0.36;1;(44.878543858055444, 28.95808322013024);12.73;