# line-id; start_node_id; end_node_id; start_time; duration; frequency; co-ordinates, length
l1;97661;97381;7.33;0.43;2;(164.335289167165, 16.99698067497813);15.05;
l2;97381;97661;7.08;0.43;2;(42.99874213086906, 187.923068288636);15.05;
l3;96875;98325;7.33;0.42;2;(42.249100336826395, 194.1667157179816);14.81;
l4;98325;96875;7.08;0.42;2;(146.61329404506654, 3.316163020968299);14.81;
l5;98389;97149;7.25;0.41;1;(20.51564501549037, 161.2302929115024);14.5;
l6;97149;98389;7.5;0.41;1;(172.80248362627407, 33.80190800974421);14.5;
l7;97781;97244;7.33;0.39;1;(71.57522611875552, 199.5486423109317);13.82;
l8;97244;97781;7.58;0.39;1;(118.36387165109765, 5.422971120641277);13.82;
l9;97731;98062;7.33;0.41;1;(195.4478158153017, 152.22418095139724);14.3;
l10;98062;97731;7.58;0.41;1;(16.787185451695045, 42.413959685363565);14.3;
l11;97379;96976;7.0;0.37;1;(22.593811825953676, 154.45517934071256);13.1;
l12;96976;97379;7.25;0.37;1;(180.335515764113, 47.35424427149527);13.1;
l13;96850;98002;7.0;0.41;1;(199.13731728991948, 128.35609099618895);14.33;
l14;98002;96850;7.25;0.41;1;(4.798431355447213, 80.18042905758614);14.33;
l15;98178;98339;7.0;0.38;1;(5.096965426743418, 94.83372730012239);13.22;
l16;98339;98178;7.25;0.38;1;(191.54689360960262, 110.17987971273705);13.22;