# line-id; start_node_id; end_node_id; start_time; duration; frequency; co-ordinates, length
l1;16608;15165;7.0;0.52;2;(195.11141948222166, 5.596667682033417);18.25;
l2;15165;16608;6.75;0.52;2;(22.201405595034426, 195.49020904071756);18.25;
l3;16230;16531;7.0;0.49;2;(6.43009642847283, 21.24906660634593);17.15;
l4;16531;16230;6.75;0.49;2;(198.32009328677583, 176.98085177931904);17.15;
l5;16426;16230;7.25;0.49;3;(189.6888336245857, 182.0837734877871);17.08;
l6;16230;16426;6.83;0.49;3;(6.43009642847283, 21.24906660634593);17.08;
l7;15303;15681;7.0;0.48;3;(8.596516325098435, 176.93725048464097);16.73;
l8;15681;15303;6.58;0.48;3;(189.1213687633305, 22.901977064571092);16.73;
l9;15305;15195;7.0;0.44;1;(26.041613540684068, 178.69164221401255);15.57;
l10;15195;15305;7.25;0.44;1;(177.48772393337634, 20.192115840708993);15.57;
l11;15123;15792;7.0;0.43;1;(178.73586643773598, 25.025500926141213);15.15;
l12;15792;15123;7.25;0.43;1;(25.750474812754874, 173.79261350522208);15.15;
l13;16104;16312;7.0;0.38;2;(76.0980124849059, 196.92658681154464);13.31;
l14;16312;16104;6.75;0.38;2;(113.20828109549834, 5.810104309346721);13.31;
l15;15869;15119;7.33;0.35;2;(188.70742820627655, 117.62902205216915);12.11;
l16;15119;15869;7.08;0.35;2;(5.01281997324252, 78.08721601175691);12.11;