# line-id; start_node_id; end_node_id; start_time; duration; frequency; co-ordinates, length
l1;14537;14286;7.33;0.44;1;(1.253309154601976, 31.938273631437543);15.5;
l2;14286;14537;7.58;0.44;1;(197.96206135576156, 145.11293399791379);15.5;
l3;13827;13499;7.0;0.4;1;(14.435712088058628, 181.51281731914497);14.0;
l4;13499;13827;7.25;0.4;1;(186.01173445981462, 39.79094688272763);14.0;
l5;14517;13941;7.33;0.42;3;(131.5341409980257, 1.6497930699615335);14.7;
l6;13941;14517;6.91;0.42;3;(58.151652905941525, 181.11514918583876);14.7;
l7;14935;14621;7.25;0.4;3;(10.780150788601132, 28.223822561641658);14.0;
l8;14621;14935;6.83;0.4;3;(166.9392442131733, 180.52552106955247);14.0;
l9;13652;13594;7.33;0.4;2;(9.745870949077997, 191.84205169106244);14.13;
l10;13594;13652;7.08;0.4;2;(166.24399953715513, 28.384675151128377);14.13;
l11;14286;13932;7.25;0.39;2;(197.96206135576156, 145.11293399791379);13.52;
l12;13932;14286;7.0;0.39;2;(18.838286351763106, 57.49015609799158);13.52;
l13;14678;14262;7.0;0.38;2;(117.54191953879348, 1.913560499983431);13.37;
l14;14262;14678;6.75;0.38;2;(92.61805218535525, 184.79385142337955);13.37;
l15;13777;14522;7.33;0.4;2;(192.1640059058257, 90.2935022425891);13.83;
l16;14522;13777;7.08;0.4;2;(9.182022534175681, 107.65329754111443);13.83;