# line-id; start_node_id; end_node_id; start_time; duration; frequency; co-ordinates, length
l1;17560;18023;7.0;0.43;1;(167.85452448736655, 6.271463528945725);15.02;
l2;18023;17560;7.25;0.43;1;(31.285139526320414, 193.11720316948876);15.02;
l3;17326;17560;7.25;0.42;1;(28.57679424115711, 189.07980922927675);14.86;
l4;17560;17326;7.5;0.42;1;(167.85452448736655, 6.271463528945725);14.86;
l5;16836;16996;7.33;0.41;2;(198.00542055139175, 146.13634174810198);14.45;
l6;16996;16836;7.08;0.41;2;(13.441825737606575, 45.35561207728637);14.45;
l7;16819;17071;7.25;0.41;2;(199.90155043760845, 52.005387051013734);14.34;
l8;17071;16819;7.0;0.41;2;(7.029942860084832, 157.9104727128637);14.34;
l9;18407;17031;7.0;0.39;3;(187.8528647404797, 20.40884829397237);13.72;
l10;17031;18407;6.58;0.39;3;(17.208798252517084, 172.62567695923556);13.72;
l11;17729;17722;7.25;0.4;3;(62.64265152265761, 195.49868030252466);13.97;
l12;17722;17729;6.83;0.4;3;(155.8545881134483, 15.389584691380552);13.97;
l13;18154;17158;7.25;0.4;1;(191.60880420386442, 136.3033735698798);13.88;
l14;17158;18154;7.5;0.4;1;(21.576481401746477, 58.0266263310143);13.88;
l15;16867;17527;7.25;0.37;1;(36.835758867786026, 181.54774364584404);12.86;
l16;17527;16867;7.5;0.37;1;(161.6703298220671, 24.132332517818284);12.86;