# line-id; start_node_id; end_node_id; start_time; duration; frequency; co-ordinates, length
l1;127210;128655;7.0;0.43;1;(1.0444975145384419, 148.50920193026482);15.06;
l2;128655;127210;7.25;0.43;1;(192.05759656182846, 48.72824398609371);15.06;
l3;128374;127384;7.33;0.44;1;(5.388427691035172, 169.87408738646445);15.3;
l4;127384;128374;7.58;0.44;1;(188.46984379299073, 35.334154691952094);15.3;
l5;127656;128785;7.25;0.42;1;(186.8931589339563, 177.8550077886727);14.68;
l6;128785;127656;7.5;0.42;1;(12.519424181302165, 34.43033451594743);14.68;
l7;128776;127558;7.33;0.42;1;(198.96153917287293, 88.58966565735554);14.65;
l8;127558;128776;7.58;0.42;1;(4.590738787898125, 114.45930772135968);14.65;
l9;127582;127481;7.33;0.41;2;(180.82923343166797, 18.21257308307187);14.23;
l10;127481;127582;7.08;0.41;2;(20.58681771909314, 173.0947912716289);14.23;
l11;127518;128678;7.0;0.42;2;(48.936547337552945, 4.458091898963774);14.58;
l12;128678;127518;6.75;0.42;2;(156.83168935666862, 179.01342810193918);14.58;
l13;127211;127202;7.33;0.38;1;(97.49021876511122, 5.144826014934335);13.4;
l14;127202;127211;7.58;0.38;1;(107.63667818281688, 188.21359467661333);13.4;
l15;127453;127604;7.33;0.39;1;(167.37625030165464, 178.2998935948963);13.49;
l16;127604;127453;7.58;0.39;1;(36.72231049262437, 23.614884103392257);13.49;