# line-id; start_node_id; end_node_id; start_time; duration; frequency; co-ordinates, length
l1;16020;15028;7.33;0.47;2;(9.76952670553484, 179.0004927467962);16.52;
l2;15028;16020;7.08;0.47;2;(178.82617922172903, 18.613617022321087);16.52;
l3;16023;15366;7.33;0.45;2;(180.3235204687424, 195.81205320175764);15.78;
l4;15366;16023;7.08;0.45;2;(17.666887783081282, 31.949939111424204);15.78;
l5;15677;15025;7.25;0.43;1;(29.702361508950403, 184.33442948692448);14.97;
l6;15025;15677;7.5;0.43;1;(166.6197310890852, 14.262553814427307);14.97;
l7;16306;15591;7.0;0.43;1;(17.825515480981974, 162.0579723007083);15.07;
l8;15591;16306;7.25;0.43;1;(186.82400359472615, 36.62064152956324);15.07;
l9;14905;15784;7.25;0.43;1;(193.67600511274898, 58.9013349021595);14.88;
l10;15784;14905;7.5;0.43;1;(6.685629387809054, 140.9463993334768);14.88;
l11;14970;15233;7.33;0.39;1;(193.6069645436758, 156.01117654106991);13.78;
l12;15233;14970;7.58;0.39;1;(14.494281391659996, 45.45139744317513);13.78;
l13;14934;14906;7.0;0.41;1;(1.7453576477155508, 123.22071231388756);14.34;
l14;14906;14934;7.25;0.41;1;(197.84805040290183, 92.38569063405811);14.34;
l15;15940;15007;7.0;0.38;1;(74.82068331632, 5.094763974802402);13.32;
l16;15007;15940;7.25;0.38;1;(122.17652875362869, 192.44896604159808);13.32;