# line-id; start_node_id; end_node_id; start_time; duration; frequency; co-ordinates, length
l1;67624;67683;7.25;0.52;1;(6.736025270170943, 195.39822734012165);18.04;
l2;67683;67624;7.5;0.52;1;(181.0409839550534, 21.585306341611506);18.04;
l3;69948;67788;7.25;0.51;1;(195.4939354780602, 177.38043996431512);17.78;
l4;67788;69948;7.5;0.51;1;(10.249634697479527, 21.518895649839358);17.78;
l5;69892;68761;7.33;0.47;2;(33.80020071689605, 197.97792317218122);16.36;
l6;68761;69892;7.08;0.47;2;(168.78853228091268, 10.879436531804092);16.36;
l7;68514;70218;7.25;0.5;2;(171.3202495478405, 14.85954390442567);17.62;
l8;70218;68514;7.0;0.5;2;(20.053238676706915, 189.0954979046353);17.62;
l9;70043;68654;7.33;0.48;1;(23.86443101843479, 7.707072719452704);16.64;
l10;68654;70043;7.58;0.48;1;(177.24893288450525, 184.1693255956128);16.64;
l11;70415;68335;7.33;0.47;1;(0.2681781428376606, 154.7625830441934);16.33;
l12;68335;70415;7.58;0.47;1;(196.87425717665636, 53.39316205245407);16.33;
l13;69842;69244;7.33;0.47;1;(195.6067937456936, 141.93056883411347);16.56;
l14;69244;69842;7.58;0.47;1;(5.921870131977844, 70.33884081331097);16.56;
l15;67758;68695;7.33;0.45;1;(155.9879293128248, 195.20511378051614);15.59;
l16;68695;67758;7.58;0.45;1;(43.35293257234017, 5.549348911636984);15.59;
l17;68497;69716;7.25;0.45;1;(101.01707563328004, 5.5142644430186785);15.75;
l18;69716;68497;7.5;0.45;1;(98.02870283286417, 199.92849953654067);15.75;
l19;68940;67758;7.33;0.44;1;(47.23911063863086, 2.58545123523864);15.45;
l20;67758;68940;7.58;0.44;1;(155.9879293128248, 195.20511378051614);15.45;
l21;67987;68740;7.25;0.42;1;(35.706999037621635, 11.663351555166148);14.71;
l22;68740;67987;7.5;0.42;1;(157.75721023491099, 180.98870950531307);14.71;
l23;68156;69716;7.25;0.45;1;(97.34556318006352, 8.325045314778796);15.65;
l24;69716;68156;7.5;0.45;1;(98.02870283286417, 199.92849953654067);15.65;