# line-id; start_node_id; end_node_id; start_time; duration; frequency; co-ordinates, length
l1;5209;3959;7.25;0.52;1;(3.792720016658611, 8.224004638234543);18.03;
l2;3959;5209;7.5;0.52;1;(186.98717130910197, 173.61224767539375);18.03;
l3;4098;4626;7.25;0.46;1;(44.65314537072685, 194.17310142611777);16.01;
l4;4626;4098;7.5;0.46;1;(166.75916627934717, 4.023701074469032);16.01;
l5;4626;4224;7.25;0.47;2;(166.75916627934717, 4.023701074469032);16.56;
l6;4224;4626;7.0;0.47;2;(33.17489823492159, 187.07852750732366);16.56;
l7;4696;3708;7.25;0.44;2;(5.552912593420092, 59.67850342723283);15.27;
l8;3708;4696;7.0;0.44;2;(184.06891849546093, 138.2024226413979);15.27;
l9;4359;4291;7.0;0.41;1;(44.511602462647275, 19.406532062036383);14.44;
l10;4291;4359;7.25;0.41;1;(166.40604850290813, 184.5541941779861);14.44;
l11;3485;3467;7.33;0.4;1;(47.7248289923868, 2.0745961627756198);13.95;
l12;3467;3485;7.58;0.4;1;(136.05126070736063, 193.58805039212018);13.95;
l13;4697;3693;7.25;0.38;1;(161.12476690764345, 34.19744258513592);13.35;
l14;3693;4697;7.5;0.38;1;(43.78915958791443, 169.0826027872072);13.35;
l15;3572;3546;7.0;0.37;1;(31.675722052704646, 155.80765630357797);12.86;
l16;3546;3572;7.25;0.37;1;(166.5723089018472, 43.66517027235209);12.86;