# line-id; start_node_id; end_node_id; start_time; duration; frequency; co-ordinates, length
l1;130642;131724;7.0;0.54;2;(5.19453673914218, 195.0548991003869);19.02;
l2;131724;130642;6.75;0.54;2;(184.00206514376669, 18.921374215732396);19.02;
l3;133091;131351;7.25;0.49;2;(199.82929896669137, 176.1893815120564);17.11;
l4;131351;133091;7.0;0.49;2;(22.241915315972907, 25.117966622731647);17.11;
l5;130567;131726;7.25;0.5;1;(56.14106492029289, 198.2957808082651);17.52;
l6;131726;130567;7.5;0.5;1;(145.78422370898647, 1.6945141272019182);17.52;
l7;131826;131181;7.25;0.47;1;(186.93798592211115, 187.3497633647691);16.29;
l8;131181;131826;7.5;0.47;1;(25.843670832553173, 16.087829750541545);16.29;
l9;130823;131182;7.33;0.43;1;(160.1948887729326, 199.39507644588386);15.08;
l10;131182;130823;7.58;0.43;1;(44.24619494448794, 8.72017397492839);15.08;
l11;131125;131538;7.33;0.45;1;(190.7490581140913, 164.73173889583921);15.91;
l12;131538;131125;7.58;0.45;1;(18.631684344638092, 38.01599583773442);15.91;
l13;132904;130640;7.25;0.47;2;(198.97559468145087, 140.73433786655335);16.36;
l14;130640;132904;7.0;0.47;2;(5.406530155679014, 64.4121420315309);16.36;
l15;131918;133148;7.0;0.41;2;(53.61199201974113, 4.107092736908075);14.31;
l16;133148;131918;6.75;0.41;2;(147.5560418453945, 197.93028513338444);14.31;
l17;132083;130522;7.0;0.43;3;(25.4741673308367, 36.635839338907125);14.9;
l18;130522;132083;6.58;0.43;3;(181.6283555888944, 169.19074723464252);14.9;
l19;132002;130548;7.33;0.43;3;(2.4478011113523883, 143.83149099386995);14.96;
l20;130548;132002;6.91;0.43;3;(188.16893473568348, 53.072231820530725);14.96;
l21;130640;132518;7.0;0.44;2;(5.406530155679014, 64.4121420315309);15.39;
l22;132518;130640;6.75;0.44;2;(187.89060757554483, 136.11305843135878);15.39;
l23;132860;130548;7.25;0.43;2;(4.965681151950562, 148.9384967502912);14.98;
l24;130548;132860;7.0;0.43;2;(188.16893473568348, 53.072231820530725);14.98;