# line-id; start_node_id; end_node_id; start_time; duration; frequency; co-ordinates, length
l1;76366;78278;7.33;0.58;2;(199.92397825800555, 193.74344981546483);20.32;
l2;78278;76366;7.08;0.58;2;(9.786682052211544, 17.103925679237864);20.32;
l3;77335;78994;7.25;0.56;2;(13.891096970437115, 185.37369357858998);19.55;
l4;78994;77335;7.0;0.56;2;(191.49521635499678, 22.677989970702153);19.55;
l5;77277;77836;7.0;0.56;1;(195.00850293351417, 24.41625853957061);19.62;
l6;77836;77277;7.25;0.56;1;(4.709810404068757, 174.41510419050684);19.62;
l7;78974;76747;7.0;0.53;1;(27.580889943729762, 8.91554614053051);18.66;
l8;76747;78974;7.25;0.53;1;(166.43236719093568, 191.54360301996397);18.66;
l9;78898;77225;7.25;0.47;1;(47.03822115704482, 185.95724938827607);16.54;
l10;77225;78898;7.5;0.47;1;(149.5539480961959, 11.614302036242355);16.54;
l11;76597;76659;7.0;0.47;1;(161.2612982366187, 17.86961694977931);16.4;
l12;76659;76597;7.25;0.47;1;(34.97837108262051, 177.22658396041456);16.4;
l13;77025;76442;7.25;0.46;1;(137.5917544250569, 195.73391880668345);16.25;
l14;76442;77025;7.5;0.46;1;(57.726654357541825, 3.141225408155183);16.25;
l15;79051;78132;7.25;0.42;1;(74.54410321511786, 0.004896511174238949);14.87;
l16;78132;79051;7.5;0.42;1;(124.55173752004481, 197.86321145794068);14.87;
l17;76548;76638;7.25;0.48;1;(9.9098281850774, 49.343755764939615);16.81;
l18;76638;76548;7.5;0.48;1;(185.46909958666637, 156.32216681337323);16.81;
l19;76638;77269;7.33;0.45;1;(185.46909958666637, 156.32216681337323);15.89;
l20;77269;76638;7.58;0.45;1;(17.72967928568742, 41.12569295175154);15.89;
l21;76883;76510;7.0;0.44;2;(7.933038031727766, 54.72131521277018);15.5;
l22;76510;76883;6.75;0.44;2;(185.98415256952745, 140.30195029647086);15.5;
l23;78577;77732;7.33;0.41;2;(197.49953167738406, 104.55735283840274);14.39;
l24;77732;78577;7.08;0.41;2;(4.244661004832277, 90.29876981886979);14.39;