# line-id; start_node_id; end_node_id; start_time; duration; frequency; co-ordinates, length
l1;126023;124856;7.33;0.51;1;(190.03955535253627, 193.92844209848863);17.74;
l2;124856;126023;7.58;0.51;1;(11.9692161424337, 10.335925416991644);17.74;
l3;126660;126875;7.0;0.52;1;(177.81663218651968, 3.9875974278633866);18.33;
l4;126875;126660;7.25;0.52;1;(15.72666590210038, 196.55106404741719);18.33;
l5;125376;124690;7.25;0.51;1;(186.8307397102359, 12.583809322375485);18.0;
l6;124690;125376;7.5;0.51;1;(12.13490832997524, 191.4027688338735);18.0;
l7;126741;124784;7.25;0.5;1;(17.66642993176645, 7.308128049190932);17.38;
l8;124784;126741;7.5;0.5;1;(178.6401291604031, 187.41811628523527);17.38;
l9;126052;124674;7.25;0.51;1;(197.15547563006996, 180.39750558700814);17.98;
l10;124674;126052;7.5;0.51;1;(8.571436779069325, 13.772095510873537);17.98;
l11;125723;125235;7.33;0.49;1;(198.65480682775973, 27.413254322789452);17.07;
l12;125235;125723;7.58;0.49;1;(16.59737714218502, 174.4496065642639);17.07;
l13;126764;126092;7.25;0.48;3;(198.22107253036975, 171.20112595108554);16.94;
l14;126092;126764;6.83;0.48;3;(2.5527228816301726, 38.89387559720419);16.94;
l15;124811;125175;7.25;0.45;3;(38.99263960294332, 0.28718760862405257);15.8;
l16;125175;124811;6.83;0.45;3;(144.9740500711607, 195.50483776197626);15.8;
l17;126131;125822;7.25;0.42;2;(38.1828200942751, 9.906204733787806);14.59;
l18;125822;126131;7.0;0.42;2;(160.69054140320907, 181.73019686715162);14.59;
l19;126271;125822;7.33;0.41;2;(41.483308389786444, 6.140336989101623);14.23;
l20;125822;126271;7.08;0.41;2;(160.69054140320907, 181.73019686715162);14.23;
l21;127325;127297;7.33;0.45;1;(4.666429194837087, 107.95556526279479);15.87;
l22;127297;127325;7.58;0.45;1;(197.6159792252929, 94.12010964415478);15.87;
l23;126422;126830;7.25;0.44;1;(123.09189470368314, 0.897043779598111);15.35;
l24;126830;126422;7.5;0.44;1;(86.5723215315729, 198.75164614998877);15.35;