# line-id; start_node_id; end_node_id; start_time; duration; frequency; co-ordinates, length
l1;110914;111070;7.25;0.48;1;(199.45535638981036, 46.21412374788343);16.82;
l2;111070;110914;7.5;0.48;1;(0.042560785974701365, 154.86070281347276);16.82;
l3;111662;112142;7.25;0.47;1;(46.91400345592654, 1.2169281879585707);16.28;
l4;112142;111662;7.5;0.47;1;(157.78449527055298, 196.48137257498362);16.28;
l5;112028;110914;7.33;0.47;1;(2.925813859923184, 144.91211322694215);16.36;
l6;110914;112028;7.58;0.47;1;(199.45535638981036, 46.21412374788343);16.36;
l7;110556;111155;7.0;0.4;1;(163.0487987975101, 175.06308504099817);13.92;
l8;111155;110556;7.25;0.4;1;(40.601236708649616, 22.964778682544463);13.92;
l9;111155;110556;7.33;0.4;2;(40.601236708649616, 22.964778682544463);13.83;
l10;110556;111155;7.08;0.4;2;(163.0487987975101, 175.06308504099817);13.83;
l11;111933;110895;7.25;0.38;2;(191.28704666619367, 69.5987441275833);13.42;
l12;110895;111933;7.0;0.38;2;(8.5449982075631, 121.6152884393579);13.42;
l13;110834;111216;7.33;0.35;1;(195.16197857418115, 104.45771348703624);12.14;
l14;111216;110834;7.58;0.35;1;(12.076616999701223, 105.92262837258);12.14;
l15;111079;111089;7.0;0.32;1;(91.14261146910741, 14.868423963107546);11.34;
l16;111089;111079;7.25;0.32;1;(115.32989715623438, 186.04323757029107);11.34;