# line-id; start_node_id; end_node_id; start_time; duration; frequency; co-ordinates, length
l1;36845;35747;7.33;0.42;1;(199.6722271686252, 51.41443179162489);14.58;
l2;35747;36845;7.58;0.42;1;(10.375095736916231, 134.14228988455457);14.58;
l3;36393;36695;7.33;0.41;1;(12.246075526231959, 6.6373989415472625);14.48;
l4;36695;36393;7.58;0.41;1;(186.28992656744828, 163.3887129929638);14.48;
l5;36445;36404;7.0;0.41;1;(191.20553739447945, 45.203032937965574);14.31;
l6;36404;36445;7.25;0.41;1;(15.53529856736279, 163.96350371537042);14.31;
l7;36121;36824;7.0;0.4;1;(170.19821152216733, 9.46360607013817);14.03;
l8;36824;36121;7.25;0.4;1;(39.63056272397372, 187.86235247005595);14.03;
l9;35747;36418;7.25;0.38;2;(10.375095736916231, 134.14228988455457);13.32;
l10;36418;35747;7.0;0.38;2;(184.62442913865561, 70.87694369125761);13.32;
l11;36598;37221;7.33;0.36;2;(29.092821299369103, 21.355106380409868);12.74;
l12;37221;36598;7.08;0.36;2;(151.44747456036987, 174.71371951183093);12.74;
l13;35776;36314;7.0;0.36;1;(94.29501171095195, 186.25241067592324);12.56;
l14;36314;35776;7.25;0.36;1;(107.54038899754448, 11.096634581939018);12.56;
l15;37218;36049;7.25;0.35;1;(86.97661749373292, 185.4120668737676);12.2;
l16;36049;37218;7.5;0.35;1;(115.25563030887564, 16.900120159038686);12.2;