# line-id; start_node_id; end_node_id; start_time; duration; frequency; co-ordinates, length
l1;48634;48465;7.0;0.47;1;(188.85521072045515, 182.9924087801688);16.5;
l2;48465;48634;7.25;0.47;1;(14.599372102802377, 31.95971680807473);16.5;
l3;48651;48425;7.0;0.47;1;(175.8184038138028, 6.597421505515004);16.55;
l4;48425;48651;7.25;0.47;1;(27.04247713119147, 188.21627324900678);16.55;
l5;48633;47672;7.0;0.41;2;(166.72622807421055, 24.635625140407246);14.46;
l6;47672;48633;6.75;0.41;2;(41.3632955013467, 178.79774126549867);14.46;
l7;47308;48000;7.33;0.39;2;(167.44848106443328, 180.2411132905524);13.68;
l8;48000;47308;7.08;0.39;2;(35.279390748788856, 26.420983468236503);13.68;
l9;47894;47672;7.33;0.39;1;(151.8073310499465, 16.54660116658445);13.58;
l10;47672;47894;7.58;0.39;1;(41.3632955013467, 178.79774126549867);13.58;
l11;48040;48849;7.25;0.41;1;(196.16464996418577, 150.28019490853032);14.26;
l12;48849;48040;7.5;0.41;1;(17.318367799504056, 41.95907240841435);14.26;
l13;48172;47826;7.0;0.37;1;(196.92199249398504, 42.70914980464032);12.95;
l14;47826;48172;7.25;0.37;1;(19.836537147300902, 157.18287995255307);12.95;
l15;48713;48488;7.0;0.39;1;(74.48570406497485, 196.81191775453146);13.73;
l16;48488;48713;7.25;0.39;1;(115.87888158869502, 3.8047551045425103);13.73;