# line-id; start_node_id; end_node_id; start_time; duration; frequency; co-ordinates, length
l1;124610;124624;7.33;0.5;2;(194.22957430658568, 183.92794451704785);17.34;
l2;124624;124610;7.08;0.5;2;(12.055053588571107, 12.147632161036334);17.34;
l3;125272;123947;7.25;0.45;2;(14.37138272505164, 192.09649634788775);15.82;
l4;123947;125272;7.0;0.45;2;(178.5278758076246, 25.904008845740826);15.82;
l5;123883;123998;7.25;0.4;1;(3.8639349359366135, 56.20757534237385);13.93;
l6;123998;123883;7.5;0.4;1;(196.8353297568307, 153.71269954864192);13.93;
l7;125194;123998;7.25;0.41;1;(16.727113348030382, 35.44034094524982);14.18;
l8;123998;125194;7.5;0.41;1;(196.8353297568307, 153.71269954864192);14.18;
l9;123998;125077;7.33;0.4;1;(196.8353297568307, 153.71269954864192);13.88;
l10;125077;123998;7.58;0.4;1;(4.112512627573259, 50.41186255428162);13.88;
l11;124984;125426;7.25;0.39;1;(3.650720072922251, 134.62153096058117);13.51;
l12;125426;124984;7.5;0.39;1;(177.65405742598452, 65.15344536572204);13.51;
l13;125066;124088;7.33;0.37;1;(44.693618622420004, 3.9633650414432027);13.06;
l14;124088;125066;7.58;0.37;1;(134.20136809927283, 168.81881860733625);13.06;
l15;124020;124614;7.25;0.4;1;(175.877224732052, 40.3148195640349);13.96;
l16;124614;124020;7.5;0.4;1;(24.54650502250621, 153.2667993257344);13.96;