# line-id; start_node_id; end_node_id; start_time; duration; frequency; co-ordinates, length
l1;36483;36169;7.0;0.49;2;(185.5512927364018, 11.201008526475446);17.05;
l2;36169;36483;6.75;0.49;2;(25.08089219456586, 191.6765608728742);17.05;
l3;36413;36041;7.33;0.45;2;(10.624393097562733, 172.18274456954032);15.84;
l4;36041;36413;7.08;0.45;2;(189.63748276226352, 27.66104221855904);15.84;
l5;35504;35644;7.25;0.42;1;(154.2094796794151, 13.656905558610692);14.61;
l6;35644;35504;7.5;0.42;1;(45.30049012634031, 186.04033604007262);14.61;
l7;35336;36699;7.0;0.41;1;(59.54983261727856, 193.3079453293241);14.24;
l8;36699;35336;7.25;0.41;1;(136.57424648041962, 2.7663767337430176);14.24;
l9;36501;36650;7.33;0.38;3;(18.408083924468507, 159.2032071908472);13.18;
l10;36650;36501;6.91;0.38;3;(181.5900777370741, 48.36623054535356);13.18;
l11;36480;36009;7.25;0.39;3;(30.164610535899, 9.373828098726975);13.62;
l12;36009;36480;6.83;0.39;3;(140.06972944668985, 180.87175510943848);13.62;
l13;36026;35877;7.0;0.36;1;(14.59199422682623, 41.4855348872713);12.66;
l14;35877;36026;7.25;0.36;1;(164.1405529272116, 147.0084199696561);12.66;
l15;35979;35481;7.0;0.36;1;(141.07703181644362, 17.29291410724973);12.74;
l16;35481;35979;7.25;0.36;1;(66.31585743973196, 177.8390281591969);12.74;