# line-id; start_node_id; end_node_id; start_time; duration; frequency; co-ordinates, length
l1;61666;61805;7.0;0.48;1;(181.42275694530525, 190.3957738741911);16.67;
l2;61805;61666;7.25;0.48;1;(16.21453301823242, 21.80031604505804);16.67;
l3;61103;62021;7.0;0.44;1;(179.23801330567025, 29.23564154506301);15.31;
l4;62021;61103;7.25;0.44;1;(32.38698963609549, 175.39687799834564);15.31;
l5;60870;61714;7.25;0.37;3;(6.591480419325111, 78.54991076402607);12.96;
l6;61714;60870;6.83;0.37;3;(187.81350016771867, 129.63873508450456);12.96;
l7;62337;61072;7.0;0.36;3;(185.2264290274398, 144.5304939842705);12.75;
l8;61072;62337;6.58;0.36;3;(22.755807406026992, 64.9954465125926);12.75;
l9;61442;61595;7.0;0.34;1;(174.97276705370876, 48.58865797335169);11.94;
l10;61595;61442;7.25;0.34;1;(38.31406270955299, 155.77965940319612);11.94;
l11;61193;62210;7.33;0.34;1;(16.648208391972105, 77.61101790774286);11.84;
l12;62210;61193;7.58;0.34;1;(183.02129608720116, 129.10611042572071);11.84;
l13;61308;61832;7.0;0.32;2;(93.88600159329776, 14.290690748751258);11.06;
l14;61832;61308;6.75;0.32;2;(113.55296751747855, 180.96060108002175);11.06;
l15;61445;60904;7.0;0.33;2;(82.41144939128797, 10.802330568705852);11.5;
l16;60904;61445;6.75;0.33;2;(118.50600322043093, 180.33118113021087);11.5;