# line-id; start_node_id; end_node_id; start_time; duration; frequency; co-ordinates, length
l1;105954;106585;7.33;0.47;1;(27.54831593829864, 3.7385593697065578);16.48;
l2;106585;105954;7.58;0.47;1;(165.41349586527275, 188.04499920476746);16.48;
l3;105813;106916;7.33;0.45;1;(19.862682572071652, 178.76326119796866);15.88;
l4;106916;105813;7.58;0.45;1;(180.96602082121387, 17.443335186717917);15.88;
l5;106348;105862;7.33;0.42;1;(50.461824528048155, 3.901361913319848);14.79;
l6;105862;106348;7.58;0.42;1;(149.06505592934516, 188.86455138002606);14.79;
l7;106838;106460;7.25;0.42;1;(11.293737163353288, 24.58636820448404);14.79;
l8;106460;106838;7.5;0.42;1;(171.51243188517722, 163.54250046987647);14.79;
l9;105608;106460;7.0;0.41;1;(23.892938714974644, 24.239793745412037);14.31;
l10;106460;105608;7.25;0.41;1;(171.51243188517722, 163.54250046987647);14.31;
l11;106527;106460;7.33;0.4;1;(31.818462694166943, 24.283507997086172);13.95;
l12;106460;106527;7.58;0.4;1;(171.51243188517722, 163.54250046987647);13.95;
l13;105862;107211;7.25;0.4;2;(149.06505592934516, 188.86455138002606);13.88;
l14;107211;105862;7.0;0.4;2;(57.20235105160232, 12.351247777111004);13.88;
l15;106467;107010;7.33;0.39;2;(152.3591503823889, 15.951781982466988);13.49;
l16;107010;106467;7.08;0.39;2;(48.38618974915895, 185.2431074649692);13.49;