# line-id; start_node_id; end_node_id; start_time; duration; frequency; co-ordinates, length
l1;46841;45851;7.25;0.48;1;(5.190925822940478, 12.155742252686691);16.7;
l2;45851;46841;7.5;0.48;1;(171.99765819517754, 181.60747871721583);16.7;
l3;45575;45887;7.33;0.44;1;(189.15770178709803, 47.992036627183595);15.38;
l4;45887;45575;7.58;0.44;1;(6.013790059036676, 149.07486568149798);15.38;
l5;46678;45571;7.25;0.44;1;(18.906159461412585, 195.98251917078537);15.49;
l6;45571;46678;7.5;0.44;1;(171.85578172927208, 29.514475004978802);15.49;
l7;47109;46052;7.0;0.44;1;(13.616060616989774, 163.0215476491513);15.28;
l8;46052;47109;7.25;0.44;1;(186.25290192816007, 35.050515238340225);15.28;
l9;45553;47124;7.33;0.39;2;(195.6951282533453, 112.9951922399999);13.72;
l10;47124;45553;7.08;0.39;2;(21.006699176846915, 90.2867819018764);13.72;
l11;46208;45852;7.0;0.4;2;(63.65109786965562, 4.703731309274683);13.86;
l12;45852;46208;6.75;0.4;2;(128.55754178902984, 190.95179711672384);13.86;
l13;45928;46973;7.0;0.38;1;(118.13590277535599, 187.89002594241742);13.33;
l14;46973;45928;7.25;0.38;1;(71.33461486761519, 8.19935014130106);13.33;
l15;46236;45573;7.33;0.37;1;(11.90365640057864, 129.17128034112653);13.04;
l16;45573;46236;7.58;0.37;1;(180.03070656545847, 64.4219689928937);13.04;