# line-id; start_node_id; end_node_id; start_time; duration; frequency; co-ordinates, length
l1;9851;8849;7.0;0.4;1;(187.65406703338581, 20.588159456410136);13.86;
l2;8849;9851;7.25;0.4;1;(25.161254506481313, 162.51275826256605);13.86;
l3;9852;8815;7.25;0.39;1;(47.541305900292095, 190.32298367520787);13.66;
l4;8815;9852;7.5;0.39;1;(170.08261570098597, 20.15262899219243);13.66;
l5;8580;9606;7.25;0.38;2;(36.802842593119244, 170.5086500794291);13.45;
l6;9606;8580;7.0;0.38;2;(171.40695273381758, 33.05572933992573);13.45;
l7;9816;9224;7.33;0.36;2;(76.13112661992004, 15.275432921169365);12.66;
l8;9224;9816;7.08;0.36;2;(120.80212077047835, 188.74691860600953);12.66;
l9;9111;9183;7.33;0.38;1;(187.82167524821858, 176.47503011291926);13.22;
l10;9183;9111;7.58;0.38;1;(25.004404397378543, 32.08397153900167);13.22;
l11;10002;9224;7.25;0.36;1;(89.51273795278782, 3.9851302829648);12.46;
l12;9224;10002;7.5;0.36;1;(120.80212077047835, 188.74691860600953);12.46;
l13;8934;9392;7.33;0.38;1;(162.17567469335276, 193.92094608699625);13.22;
l14;9392;8934;7.58;0.38;1;(36.310047752127375, 21.288630019037196);13.22;
l15;10117;8700;7.0;0.37;1;(196.87651586519948, 104.93768114943684);13.03;
l16;8700;10117;7.25;0.37;1;(15.076925445625687, 109.11598798210449);13.03;