# line-id; start_node_id; end_node_id; start_time; duration; frequency; co-ordinates, length
l1;42043;41885;7.0;0.47;1;(3.545485108927026, 7.8306702519870575);16.48;
l2;41885;42043;7.25;0.47;1;(178.7918145075882, 168.67569933819868);16.48;
l3;41977;41212;7.25;0.45;1;(13.295388135539811, 184.61877196239698);15.64;
l4;41212;41977;7.5;0.45;1;(180.11889365979965, 25.826088555011776);15.64;
l5;40824;41677;7.25;0.39;1;(29.157045329327385, 25.40806594801274);13.62;
l6;41677;40824;7.5;0.39;1;(172.86121261283552, 166.7067661821888);13.62;
l7;41269;41396;7.0;0.38;1;(193.62643494183715, 60.81258935891967);13.18;
l8;41396;41269;7.25;0.38;1;(11.363670884197948, 154.14887970659416);13.18;
l9;40907;41273;7.33;0.39;2;(31.630723096071595, 7.642566005505683);13.51;
l10;41273;40907;7.08;0.39;2;(155.50144075095704, 176.72901720399832);13.51;
l11;42219;41689;7.25;0.38;2;(199.4059749477984, 117.71319248889368);13.25;
l12;41689;42219;7.0;0.38;2;(8.161835805587708, 76.05542379798293);13.25;
l13;40920;41494;7.33;0.35;1;(77.55999605839173, 5.328878973177693);12.14;
l14;41494;40920;7.58;0.35;1;(115.30113849721003, 189.29905073335226);12.14;
l15;41988;41494;7.33;0.35;1;(83.05986058203624, 2.9655710991744);12.27;
l16;41494;41988;7.58;0.35;1;(115.30113849721003, 189.29905073335226);12.27;