# line-id; start_node_id; end_node_id; start_time; duration; frequency; co-ordinates, length
l1;91893;92522;7.33;0.54;1;(198.26290655805903, 177.11323077883264);18.98;
l2;92522;91893;7.58;0.54;1;(11.926492784833808, 31.24839195862366);18.98;
l3;92869;92522;7.33;0.52;1;(198.0712939799111, 167.84845699742243);18.35;
l4;92522;92869;7.58;0.52;1;(11.926492784833808, 31.24839195862366);18.35;
l5;91810;92590;7.0;0.48;1;(180.99035037491728, 9.10645413187404);16.95;
l6;92590;91810;7.25;0.48;1;(40.187092426025444, 180.61111002457366);16.95;
l7;92190;91121;7.33;0.48;1;(49.56113642565124, 194.59891425720758);16.74;
l8;91121;92190;7.58;0.48;1;(152.04213698075426, 5.423429994179324);16.74;
l9;91247;90801;7.0;0.49;1;(186.49308920348034, 163.46521610682194);17.27;
l10;90801;91247;7.25;0.49;1;(16.180618884057587, 38.93864511150397);17.27;
l11;91121;92190;7.33;0.46;1;(152.04213698075426, 5.423429994179324);16.2;
l12;92190;91121;7.58;0.46;1;(49.56113642565124, 194.59891425720758);16.2;
l13;92732;91899;7.25;0.47;2;(201.48613762257375, 144.49318508977416);16.58;
l14;91899;92732;7.0;0.47;2;(0.06847271095610474, 63.96150790295004);16.58;
l15;91574;91507;7.0;0.41;2;(79.90024452178953, 194.4931633314741);14.37;
l16;91507;91574;6.75;0.41;2;(128.98844949442974, 11.424630980062277);14.37;
l17;90785;91243;7.25;0.45;3;(54.18898757073937, 5.483888462618635);15.74;
l18;91243;90785;6.83;0.45;3;(156.77716346979028, 189.01936586912308);15.74;
l19;90729;91574;7.25;0.4;3;(111.72968490828721, 13.918004037173091);14.1;
l20;91574;90729;6.83;0.4;3;(79.90024452178953, 194.4931633314741);14.1;
l21;92621;91031;7.25;0.43;3;(0.6888089463947022, 83.85405031840001);14.92;
l22;91031;92621;6.83;0.43;3;(194.6865484878016, 117.06921778724323);14.92;
l23;90565;91734;7.25;0.41;3;(85.92821132141651, 2.704683018804171);14.27;
l24;91734;90565;6.83;0.41;3;(120.00204939147679, 191.4129650722585);14.27;