# line-id; start_node_id; end_node_id; start_time; duration; frequency; co-ordinates, length
l1;26388;27084;7.0;0.47;1;(6.953230858704359, 9.823896543293843);16.59;
l2;27084;26388;7.25;0.47;1;(186.87671371472598, 170.46922547718953);16.59;
l3;25819;26814;7.25;0.45;1;(172.58192240979676, 30.02955553921117);15.78;
l4;26814;25819;7.5;0.45;1;(31.21902410865297, 177.30528841411052);15.78;
l5;26635;25425;7.0;0.44;1;(26.977552133347544, 161.67404330465274);15.48;
l6;25425;26635;7.25;0.44;1;(169.10181845610285, 44.68706176303993);15.48;
l7;25401;26478;7.0;0.41;1;(40.51495544910732, 0.24572157262527533);14.41;
l8;26478;25401;7.25;0.41;1;(147.49701472526613, 199.32853271462463);14.41;
l9;25461;25612;7.25;0.38;3;(21.518602567104185, 143.4330488365879);13.24;
l10;25612;25461;6.83;0.38;3;(173.8147148124215, 59.97920244643367);13.24;
l11;25892;26155;7.25;0.41;3;(1.747336442498011, 85.43197191530378);14.24;
l12;26155;25892;6.83;0.41;3;(198.4069001299117, 124.79468230517094);14.24;
l13;25375;27115;7.0;0.39;2;(84.1263566867285, 194.92206849880128);13.77;
l14;27115;25375;6.75;0.39;2;(111.53490614609808, 11.085780707182701);13.77;
l15;25609;25450;7.33;0.37;2;(177.6400343317686, 64.02685246525915);12.98;
l16;25450;25609;7.08;0.37;2;(17.468621108113883, 130.93368352542925);12.98;