# line-id; start_node_id; end_node_id; start_time; duration; frequency; co-ordinates, length
l1;47369;47051;7.0;0.49;2;(7.267449197340357, 15.833424803671896);17.09;
l2;47051;47369;6.75;0.49;2;(181.1653486769327, 184.49630720035495);17.09;
l3;46050;47332;7.33;0.44;2;(26.577345149419404, 191.38179824758706);15.34;
l4;47332;46050;7.08;0.44;2;(165.418173312365, 9.609428618441811);15.34;
l5;45922;47219;7.25;0.45;2;(10.571879155998657, 35.98816012129603);15.77;
l6;47219;45922;7.0;0.45;2;(185.2413976326963, 159.26931781542385);15.77;
l7;46817;47368;7.0;0.42;2;(152.46465262071948, 193.54257030150484);14.59;
l8;47368;46817;6.75;0.42;2;(48.02669570075473, 4.635928681046354);14.59;
l9;46703;45857;7.33;0.36;3;(186.7099396140922, 46.93990572585426);12.5;
l10;45857;46703;6.91;0.36;3;(21.579620623857515, 148.92851586261438);12.5;
l11;45681;47093;7.25;0.34;3;(66.70173633964717, 0.12624188449651114);11.79;
l12;47093;45681;6.83;0.34;3;(120.37289170349786, 189.77243431137387);11.79;
l13;46385;46171;7.25;0.36;1;(86.57288356146233, 199.71511597180543);12.55;
l14;46171;46385;7.5;0.36;1;(93.55889946894895, 9.454537517211541);12.55;
l15;47085;46422;7.0;0.38;1;(10.221372001727735, 83.20419917340593);13.24;
l16;46422;47085;7.25;0.38;1;(185.92564298072594, 128.46422210859748);13.24;