# line-id; start_node_id; end_node_id; start_time; duration; frequency; co-ordinates, length
l1;2228;2877;7.33;0.45;2;(12.531668634235537, 8.429036290256832);15.77;
l2;2877;2228;7.08;0.45;2;(171.254588948906, 185.62825097097763);15.77;
l3;2083;2271;7.0;0.44;2;(14.408383630906481, 181.25833517897263);15.26;
l4;2271;2083;6.75;0.44;2;(184.6132151897093, 36.84277327848078);15.26;
l5;2082;2271;7.33;0.43;1;(7.251164217724729, 161.70091574761906);15.21;
l6;2271;2082;7.58;0.43;1;(184.6132151897093, 36.84277327848078);15.21;
l7;1610;3220;7.25;0.38;1;(198.97538776925134, 145.8765850637398);13.4;
l8;3220;1610;7.5;0.38;1;(4.856689631722774, 69.63070781338094);13.4;
l9;2456;3116;7.25;0.37;1;(88.99292858987715, 198.65930356537834);12.94;
l10;3116;2456;7.5;0.37;1;(107.62816418821195, 0.4957941592111881);12.94;
l11;2078;2907;7.25;0.39;1;(7.302299205211025, 145.60286049278966);13.54;
l12;2907;2078;7.5;0.39;1;(193.3046740702135, 47.59315096072009);13.54;
l13;2077;1898;7.25;0.39;1;(180.984202938153, 43.21469583022833);13.69;
l14;1898;2077;7.5;0.39;1;(22.29203050310667, 159.31325682629003);13.69;
l15;2687;2456;7.33;0.37;1;(101.64677989086422, 4.123975518402753);13.02;
l16;2456;2687;7.58;0.37;1;(88.99292858987715, 198.65930356537834);13.02;