# line-id; start_node_id; end_node_id; start_time; duration; frequency; co-ordinates, length
l1;40010;38765;7.33;0.49;1;(8.517835156382665, 12.935369465913485);17.04;
l2;38765;40010;7.58;0.49;1;(191.82529699559024, 179.96911450019127);17.04;
l3;40197;38961;7.33;0.51;1;(4.983559243614394, 181.15043978212853);17.89;
l4;38961;40197;7.58;0.51;1;(186.54055213081028, 14.829344734632409);17.89;
l5;38774;38800;7.33;0.48;3;(181.17492940692685, 14.730843464891375);16.87;
l6;38800;38774;6.91;0.48;3;(12.206022562735, 180.48826523351607);16.87;
l7;39560;40233;7.25;0.49;3;(181.25462049884075, 9.473566511028585);17.14;
l8;40233;39560;6.83;0.49;3;(27.65382853416962, 187.00081214235405);17.14;
l9;39513;40179;7.25;0.42;2;(7.924495659774754, 38.39116102913266);14.71;
l10;40179;39513;7.0;0.42;2;(183.14746655987543, 162.35273645126867);14.71;
l11;38758;39354;7.0;0.37;2;(6.593753984232644, 63.37262419709996);12.94;
l12;39354;38758;6.75;0.37;2;(183.25417734345277, 142.07274230232883);12.94;
l13;40363;40285;7.25;0.38;1;(4.520176697887565, 138.92330762268017);13.22;
l14;40285;40363;7.5;0.38;1;(183.7512700826317, 55.318740951950915);13.22;
l15;38930;39466;7.33;0.37;1;(6.306558648512542, 68.00376302213706);12.99;
l16;39466;38930;7.58;0.37;1;(185.1390437450511, 124.25580146337472);12.99;