# line-id; start_node_id; end_node_id; start_time; duration; frequency; co-ordinates, length
l1;43947;44388;7.25;0.45;3;(193.02781503299389, 0.4731914654675947);15.9;
l2;44388;43947;6.83;0.45;3;(25.77574680373526, 186.62931217689757);15.9;
l3;44574;44664;7.33;0.43;3;(12.014339191176207, 5.968949759556093);14.92;
l4;44664;44574;6.91;0.43;3;(179.33601453151556, 186.75214154277603);14.92;
l5;44756;44238;7.0;0.4;2;(194.1251984947314, 158.39674339870263);14.04;
l6;44238;44756;6.75;0.4;2;(9.533403481279544, 48.18120616098804);14.04;
l7;43958;44642;7.33;0.39;2;(17.43076363021822, 41.583564186077126);13.58;
l8;44642;43958;7.08;0.39;2;(190.9794408098118, 154.03269015657008);13.58;
l9;43982;44942;7.33;0.4;2;(19.440912489577606, 178.46081936735908);13.97;
l10;44942;43982;7.08;0.4;2;(166.70127796244418, 27.15953686723085);13.97;
l11;44583;45050;7.25;0.39;2;(4.611146310043585, 66.96069790723234);13.74;
l12;45050;44583;7.0;0.39;2;(198.47693584830142, 117.98799304213101);13.74;
l13;44004;45123;7.0;0.35;2;(155.72038775224178, 196.1176260779794);12.36;
l14;45123;44004;6.75;0.35;2;(61.99822679963304, 13.7018695466083);12.36;
l15;44962;44611;7.25;0.38;2;(128.7894092646251, 4.956915587517328);13.24;
l16;44611;44962;7.0;0.38;2;(76.8061689149323, 193.31444980951758);13.24;