# line-id; start_node_id; end_node_id; start_time; duration; frequency; co-ordinates, length
l1;56700;56134;7.0;0.41;1;(44.563424750216996, 199.6362131458307);14.27;
l2;56134;56700;7.25;0.41;1;(153.88518890343605, 12.694497760724127);14.27;
l3;55772;56054;7.25;0.41;1;(4.195002877754142, 49.445804415855264);14.19;
l4;56054;55772;7.5;0.41;1;(192.99173597706366, 140.3517774382985);14.19;
l5;55699;55691;7.33;0.41;1;(178.47652504730485, 189.24310120951296);14.18;
l6;55691;55699;7.58;0.41;1;(20.384954874749923, 34.435526359862564);14.18;
l7;57206;57048;7.0;0.37;1;(84.65437891752502, 0.5809647245091187);12.98;
l8;57048;57206;7.25;0.37;1;(116.07143286994162, 191.73104721799635);12.98;
l9;56054;56475;7.33;0.38;1;(192.99173597706366, 140.3517774382985);13.23;
l10;56475;56054;7.58;0.38;1;(13.268588198555557, 64.66578667552155);13.23;
l11;55688;56361;7.33;0.37;1;(161.79515036284226, 25.793941661656483);13.0;
l12;56361;55688;7.58;0.37;1;(33.28709678656488, 168.661242066123);13.0;
l13;56951;56014;7.25;0.38;2;(3.035059771904063, 149.52710079936608);13.16;
l14;56014;56951;7.0;0.38;2;(185.9511477312057, 44.28720031655233);13.16;
l15;57197;55715;7.25;0.36;2;(2.8146089834968295, 130.85499261980053);12.74;
l16;55715;57197;7.0;0.36;2;(190.0440120167288, 77.65287388879342);12.74;