# line-id; start_node_id; end_node_id; start_time; duration; frequency; co-ordinates, length
l1;19334;19361;7.25;0.44;1;(188.81025568216063, 12.426076875317689);15.33;
l2;19361;19334;7.5;0.44;1;(12.963216347397879, 173.73029260813772);15.33;
l3;18851;19197;7.33;0.42;1;(192.3484350720094, 44.04476826939176);14.68;
l4;19197;18851;7.58;0.42;1;(5.346190542874225, 157.58212374839948);14.68;
l5;19614;19416;7.25;0.39;2;(137.18841778645807, 198.64051017672148);13.68;
l6;19416;19614;7.0;0.39;2;(69.7155209395943, 8.822095898114284);13.68;
l7;18540;18889;7.33;0.38;2;(158.03512357218037, 192.34415345449378);13.21;
l8;18889;18540;7.08;0.38;2;(57.14514326417579, 27.99157598495757);13.21;
l9;19196;18933;7.33;0.37;2;(62.84744626380773, 198.54254770639997);13.12;
l10;18933;19196;7.08;0.37;2;(116.6448221444941, 7.57861002304487);13.12;
l11;18569;18682;7.25;0.38;2;(36.3235836216007, 184.9167062946813);13.14;
l12;18682;18569;7.0;0.38;2;(168.58864598911285, 35.05673649603182);13.14;
l13;18461;19677;7.33;0.34;3;(177.43769967928444, 156.41430591641856);11.87;
l14;19677;18461;6.91;0.34;3;(30.45797071837116, 45.15132025324512);11.87;
l15;18471;18836;7.25;0.36;3;(40.46521070897997, 187.0164125558103);12.55;
l16;18836;18471;6.83;0.36;3;(143.65180801559495, 22.511540276049885);12.55;