# line-id; start_node_id; end_node_id; start_time; duration; frequency; co-ordinates, length
l1;40623;40659;7.25;0.44;2;(190.84241656347783, 186.96287942155587);15.28;
l2;40659;40623;7.0;0.44;2;(6.362445965765753, 10.974210226862796);15.28;
l3;41563;41166;7.25;0.45;2;(2.7606401710729496, 195.23169243772176);15.62;
l4;41166;41563;7.0;0.45;2;(176.02161200002618, 16.63526614562621);15.62;
l5;41020;40762;7.0;0.38;3;(163.8665647700694, 8.296302665995384);13.19;
l6;40762;41020;6.58;0.38;3;(29.68470098339722, 188.0438080726718);13.19;
l7;40756;41020;7.25;0.39;3;(43.269256333377385, 194.58778918705855);13.75;
l8;41020;40756;6.83;0.39;3;(163.8665647700694, 8.296302665995384);13.75;
l9;41019;40647;7.0;0.37;1;(149.62496544089484, 10.451863691808974);13.12;
l10;40647;41019;7.25;0.37;1;(46.47335387331857, 190.9323927924641);13.12;
l11;40664;41757;7.25;0.41;1;(1.8259460246152082, 142.70049048649466);14.3;
l12;41757;40664;7.5;0.41;1;(189.45541204355456, 59.12833140155397);14.3;
l13;41051;41047;7.25;0.38;1;(149.16415617485796, 193.45086793894907);13.27;
l14;41047;41051;7.5;0.38;1;(66.29115267995047, 7.568932250619069);13.27;
l15;40650;41019;7.33;0.38;1;(57.1045512053366, 197.54003680483643);13.25;
l16;41019;40650;7.58;0.38;1;(149.62496544089484, 10.451863691808974);13.25;