# line-id; start_node_id; end_node_id; start_time; duration; frequency; co-ordinates, length
l1;113296;112936;7.33;0.44;1;(192.23773895164268, 172.86762400515562);15.55;
l2;112936;113296;7.58;0.44;1;(16.0537525735694, 22.348715568777425);15.55;
l3;113427;112734;7.25;0.4;1;(195.91306396903002, 3.0668583169571386);14.15;
l4;112734;113427;7.5;0.4;1;(26.34453823247094, 164.05321178524454);14.15;
l5;113154;113389;7.0;0.4;2;(0.7972510506364124, 108.62502111090087);13.85;
l6;113389;113154;6.75;0.4;2;(198.36590462751786, 94.67915474912803);13.85;
l7;112197;112734;7.25;0.39;2;(186.1621272645637, 19.97547391950661);13.64;
l8;112734;112197;7.0;0.39;2;(26.34453823247094, 164.05321178524454);13.64;
l9;113492;113525;7.25;0.4;1;(63.18852417814707, 196.8266768179892);13.88;
l10;113525;113492;7.5;0.4;1;(138.57203191338627, 10.699735261846689);13.88;
l11;113558;113389;7.33;0.38;1;(4.521560755688068, 102.2967770023923);13.42;
l12;113389;113558;7.58;0.38;1;(198.36590462751786, 94.67915474912803);13.42;
l13;112646;112196;7.0;0.37;1;(24.021213583955017, 16.359725247917826);12.79;
l14;112196;112646;7.25;0.37;1;(160.17562425982027, 175.3926016996974);12.79;
l15;112886;113762;7.25;0.37;1;(152.38101081852992, 13.25564535218468);13.1;
l16;113762;112886;7.5;0.37;1;(51.903853094138476, 177.93458456508264);13.1;