# line-id; start_node_id; end_node_id; start_time; duration; frequency; co-ordinates, length
l1;83697;82372;7.33;0.54;3;(8.947661969228372, 198.8751156327323);18.81;
l2;82372;83697;6.91;0.54;3;(189.49225405331612, 24.350769983989874);18.81;
l3;82146;81997;7.0;0.54;3;(4.317461899358118, 10.119015812353421);18.98;
l4;81997;82146;6.58;0.54;3;(184.63481627786476, 179.56714523578245);18.98;
l5;83531;82372;7.0;0.49;2;(8.142769315255464, 179.9134543720057);17.13;
l6;82372;83531;6.75;0.49;2;(189.49225405331612, 24.350769983989874);17.13;
l7;83107;83227;7.25;0.47;2;(18.788298652228836, 187.9176979572257);16.36;
l8;83227;83107;7.0;0.47;2;(169.2400981203057, 13.660547859743009);16.36;
l9;83764;84504;7.33;0.5;1;(1.6387411646457162, 36.39279359246137);17.5;
l10;84504;83764;7.58;0.5;1;(193.63935289988206, 169.66692721800973);17.5;
l11;83454;83299;7.25;0.47;1;(23.224758480439924, 17.795016787829695);16.62;
l12;83299;83454;7.5;0.47;1;(176.40677641697258, 180.49758388452966);16.62;
l13;84249;81996;7.33;0.49;3;(43.721366129222716, 6.166372477648526);17.05;
l14;81996;84249;6.91;0.49;3;(164.9141533452314, 190.11090222578957);17.05;
l15;83057;82623;7.25;0.46;3;(90.2430956035068, 4.398841954817433);16.08;
l16;82623;83057;6.83;0.46;3;(108.52757045466916, 199.9538191238321);16.08;
l17;83196;82843;7.0;0.44;1;(196.4874870432869, 78.44632541505571);15.38;
l18;82843;83196;7.25;0.44;1;(2.276631290915478, 118.7009100370412);15.38;
l19;83721;82108;7.25;0.42;1;(158.64212761021722, 3.73570727916026);14.57;
l20;82108;83721;7.5;0.42;1;(47.23996120492563, 185.96005391618155);14.57;
l21;84138;83758;7.0;0.46;2;(6.228001276535922, 39.82947073091165);15.97;
l22;83758;84138;6.75;0.46;2;(190.88351142006752, 154.4734053630919);15.97;
l23;83258;84507;7.0;0.47;2;(82.1691228790025, 199.7778429363439);16.56;
l24;84507;83258;6.75;0.47;2;(117.35496753993756, 5.2162224216877275);16.56;