# line-id; start_node_id; end_node_id; start_time; duration; frequency; co-ordinates, length
l1;152194;152354;7.0;0.41;3;(12.6178647724686, 5.1543036371055635);14.19;
l2;152354;152194;6.58;0.41;3;(173.1223554977256, 180.80352191401477);14.19;
l3;153004;151505;7.25;0.39;3;(198.4838823847876, 130.7787601765887);13.81;
l4;151505;153004;6.83;0.39;3;(7.574783043079854, 82.56479517841161);13.81;
l5;152638;152354;7.33;0.38;1;(32.19549572819525, 14.933537094849827);13.25;
l6;152354;152638;7.58;0.38;1;(173.1223554977256, 180.80352191401477);13.25;
l7;152737;152791;7.33;0.38;1;(3.455066844178989, 98.83806048105627);13.35;
l8;152791;152737;7.58;0.38;1;(192.47348432943045, 106.60191023203335);13.35;
l9;151560;152867;7.25;0.37;1;(124.06368722312872, 196.89868444403965);13.0;
l10;152867;151560;7.5;0.37;1;(79.6966006366686, 1.6443961233898656);13.0;
l11;153000;152410;7.25;0.38;1;(1.7261222756784482, 40.381436650874335);13.21;
l12;152410;153000;7.5;0.38;1;(174.67979330538853, 154.9118398195609);13.21;
l13;152082;151891;7.0;0.37;1;(154.61618092734187, 183.99560777657067);12.88;
l14;151891;152082;7.25;0.37;1;(35.37495286825853, 18.74871851398131);12.88;
l15;152250;151888;7.33;0.34;1;(140.9058706606984, 192.40846266847745);11.89;
l16;151888;152250;7.58;0.34;1;(56.92701313622918, 19.900736531452736);11.89;