# line-id; start_node_id; end_node_id; start_time; duration; frequency; co-ordinates, length
l1;21265;20340;7.25;0.41;3;(8.334551326187364, 152.62751846581392);14.29;
l2;20340;21265;6.83;0.41;3;(193.20645597887477, 41.843765947096436);14.29;
l3;20176;20807;7.25;0.4;3;(186.67074183970183, 18.575329150101037);13.92;
l4;20807;20176;6.83;0.4;3;(24.97239249674327, 171.79859785771552);13.92;
l5;21143;20775;7.0;0.42;1;(165.70102835415025, 191.77368817549348);14.76;
l6;20775;21143;7.25;0.42;1;(32.12273156022698, 20.42424369584731);14.76;
l7;21568;20376;7.33;0.38;1;(2.253341747855537, 46.792659640874895);13.15;
l8;20376;21568;7.58;0.38;1;(192.15344608645378, 142.97892847404196);13.15;
l9;21032;20795;7.25;0.38;1;(6.385438846500795, 130.96838994719266);13.24;
l10;20795;21032;7.5;0.38;1;(193.5215291902637, 75.11949856675625);13.24;
l11;21510;21449;7.0;0.39;1;(120.6192313354037, 197.16265438104728);13.65;
l12;21449;21510;7.25;0.39;1;(80.9007490558552, 9.71140148693055);13.65;
l13;20627;20511;7.0;0.36;1;(37.49671682588863, 183.59068810198355);12.59;
l14;20511;20627;7.25;0.36;1;(154.14938950990816, 17.941037044588928);12.59;
l15;20135;20449;7.0;0.36;1;(167.30856690271216, 166.40396273140018);12.59;
l16;20449;20135;7.25;0.36;1;(41.46554454044784, 25.259754703329737);12.59;