# line-id; start_node_id; end_node_id; start_time; duration; frequency; co-ordinates, length
l1;166360;166574;7.33;0.44;3;(190.5851592398576, 33.517941078677936);15.25;
l2;166574;166360;6.91;0.44;3;(12.018766959079413, 151.0772251629913);15.25;
l3;166135;166153;7.0;0.43;3;(7.184559638631259, 28.92774450914136);15.12;
l4;166153;166135;6.58;0.43;3;(191.71658972026825, 158.940500274309);15.12;
l5;166333;166313;7.33;0.43;1;(170.26228190260665, 30.182617754306985);14.97;
l6;166313;166333;7.58;0.43;1;(26.175800107130506, 174.5216989869526);14.97;
l7;166572;165535;7.25;0.42;1;(166.81891183883462, 13.448551824704065);14.67;
l8;165535;166572;7.5;0.42;1;(36.43108324799262, 174.894296802441);14.67;
l9;164979;165483;7.33;0.4;1;(162.87550595108613, 176.07656638907736);14.1;
l10;165483;164979;7.58;0.4;1;(36.80801068419721, 24.418933127095233);14.1;
l11;166428;165063;7.0;0.39;1;(148.19152587708408, 11.475997776821373);13.73;
l12;165063;166428;7.25;0.39;1;(51.478260949658114, 175.71490853491522);13.73;
l13;165063;165940;7.0;0.35;2;(51.478260949658114, 175.71490853491522);12.4;
l14;165940;165063;6.75;0.35;2;(142.6043925539551, 21.030954482667298);12.4;
l15;164941;165940;7.0;0.36;2;(55.96178149211015, 175.77184908130218);12.54;
l16;165940;164941;6.75;0.36;2;(142.6043925539551, 21.030954482667298);12.54;