# line-id; start_node_id; end_node_id; start_time; duration; frequency; co-ordinates, length
l1;20460;19970;7.33;0.49;2;(31.604225849278702, 0.5752604773096964);17.05;
l2;19970;20460;7.08;0.49;2;(170.08961907178144, 194.50085469639484);17.05;
l3;21320;21046;7.25;0.42;2;(198.05023924955972, 51.8786302152054);14.59;
l4;21046;21320;7.0;0.42;2;(8.036869517940229, 153.36171131209872);14.59;
l5;21471;20500;7.25;0.39;3;(3.4887586230252348, 105.00665749021573);13.76;
l6;20500;21471;6.83;0.39;3;(195.53308173238653, 108.0612552534911);13.76;
l7;20647;19790;7.25;0.38;3;(25.935325272109324, 187.15818412883493);13.22;
l8;19790;20647;6.83;0.38;3;(165.17221758696843, 24.384055794105432);13.22;
l9;19963;19867;7.0;0.39;2;(184.77984462744487, 174.0748837060955);13.73;
l10;19867;19963;6.75;0.39;2;(24.297254783759342, 37.06473005996366);13.73;
l11;21542;20070;7.33;0.36;2;(194.44360076847215, 143.47592302274813);12.7;
l12;20070;21542;7.08;0.36;2;(2.7384684995283823, 40.0831978267462);12.7;
l13;20265;19846;7.25;0.36;2;(177.53842726835225, 31.650053958529714);12.64;
l14;19846;20265;7.0;0.36;2;(37.474089329691225, 164.90599375240276);12.64;
l15;21081;21198;7.25;0.36;2;(196.02555815689269, 129.31575011111423);12.53;
l16;21198;21081;7.0;0.36;2;(17.99847261470192, 80.44898435788079);12.53;