# line-id; start_node_id; end_node_id; start_time; duration; frequency; co-ordinates, length
l1;107149;105798;7.0;0.57;1;(193.45961477382394, 4.12365957501474);19.83;
l2;105798;107149;7.25;0.57;1;(14.453026219409992, 181.73288092335213);19.83;
l3;105442;105798;7.0;0.54;1;(185.33770295601832, 20.13892481399081);18.87;
l4;105798;105442;7.25;0.54;1;(14.453026219409992, 181.73288092335213);18.87;
l5;105386;105442;7.0;0.51;1;(19.341595762012023, 182.8013093048303);17.9;
l6;105442;105386;7.25;0.51;1;(185.33770295601832, 20.13892481399081);17.9;
l7;104790;106663;7.33;0.51;1;(159.55217122943492, 198.57575235669304);18.02;
l8;106663;104790;7.58;0.51;1;(33.145147101602824, 2.429143230312134);18.02;
l9;104755;105482;7.25;0.51;2;(29.1431839070734, 186.4924861376329);17.78;
l10;105482;104755;7.0;0.51;2;(176.09681924697367, 13.81004319615015);17.78;
l11;105482;104755;7.0;0.5;2;(176.09681924697367, 13.81004319615015);17.4;
l12;104755;105482;6.75;0.5;2;(29.1431839070734, 186.4924861376329);17.4;
l13;104806;104962;7.33;0.46;1;(172.93911857203278, 23.83894128810016);16.02;
l14;104962;104806;7.58;0.46;1;(21.257765054471243, 171.6103164414077);16.02;
l15;106949;107189;7.33;0.51;1;(178.92186865921812, 190.06319543357054);17.94;
l16;107189;106949;7.58;0.51;1;(30.450556597910186, 13.974762430012506);17.94;
l17;105416;106811;7.0;0.46;2;(137.5232431190174, 193.5313743831952);16.21;
l18;106811;105416;6.75;0.46;2;(58.295579493616465, 7.198046007334949);16.21;
l19;107514;107609;7.33;0.46;2;(7.165966871510349, 135.699918368237);16.25;
l20;107609;107514;7.08;0.46;2;(194.57605827813376, 59.553019238082975);16.25;
l21;107110;106894;7.33;0.45;1;(51.28751551440991, 15.097451002135887);15.62;
l22;106894;107110;7.58;0.45;1;(139.5066732112397, 182.2466747660807);15.62;
l23;106260;106219;7.33;0.42;1;(16.038077575293674, 39.56776679327306);14.83;
l24;106219;106260;7.58;0.42;1;(184.92554344425358, 166.78132740220389);14.83;