# line-id; start_node_id; end_node_id; start_time; duration; frequency; co-ordinates, length
l1;13755;13413;7.0;0.43;1;(8.370084744715706, 4.378982104404045);15.03;
l2;13413;13755;7.25;0.43;1;(181.3953882658713, 180.46471575591596);15.03;
l3;13995;14825;7.0;0.39;1;(193.6612689389965, 165.16867263779952);13.75;
l4;14825;13995;7.25;0.39;1;(27.901371669120515, 35.7611660710644);13.75;
l5;14359;13825;7.0;0.39;2;(130.91164102198647, 194.9251223497411);13.62;
l6;13825;14359;6.75;0.39;2;(59.44033712271401, 10.314458485800092);13.62;
l7;14373;14825;7.33;0.34;2;(188.3119468076545, 148.44444336486336);11.98;
l8;14825;14373;7.08;0.34;2;(27.901371669120515, 35.7611660710644);11.98;
l9;13776;13868;7.25;0.38;1;(192.93161185364596, 71.96992780084571);13.4;
l10;13868;13776;7.5;0.38;1;(6.4005035707755775, 135.55130589470474);13.4;
l11;14615;13448;7.25;0.35;1;(105.50004615824739, 196.74004198465983);12.23;
l12;13448;14615;7.5;0.35;1;(104.33707784848868, 15.227436771553034);12.23;
l13;13364;13872;7.25;0.35;1;(153.58609690913894, 3.4041694119575516);12.36;
l14;13872;13364;7.5;0.35;1;(40.86267291806816, 180.04632287980928);12.36;
l15;13734;14192;7.0;0.34;1;(161.73404538069252, 179.83258018225695);12.04;
l16;14192;13734;7.25;0.34;1;(45.02620606895312, 28.08932129232767);12.04;