# line-id; start_node_id; end_node_id; start_time; duration; frequency; co-ordinates, length
l1;32961;32558;7.0;0.47;1;(10.076932650832614, 8.846346754386957);16.43;
l2;32558;32961;7.25;0.47;1;(169.60769343235702, 186.93252046730896);16.43;
l3;32313;33520;7.25;0.45;1;(197.86305921706247, 45.73830558444321);15.84;
l4;33520;32313;7.5;0.45;1;(10.817781555754962, 160.36649991729178);15.84;
l5;32448;32518;7.0;0.47;1;(187.49356352516162, 17.250700768923735);16.51;
l6;32518;32448;7.25;0.47;1;(10.283620356948154, 172.82063136504667);16.51;
l7;33225;33807;7.33;0.42;1;(44.49473053587304, 194.73725452951297);14.76;
l8;33807;33225;7.58;0.42;1;(150.32147303610492, 5.2796162740275925);14.76;
l9;32404;33661;7.0;0.41;1;(7.856514377847605, 52.28813865460106);14.19;
l10;33661;32404;7.25;0.41;1;(185.72942277082717, 153.69477184022878);14.19;
l11;32739;32573;7.25;0.4;1;(153.30727801137584, 184.3893494871145);13.99;
l12;32573;32739;7.5;0.4;1;(45.31128632865535, 21.97287143439493);13.99;
l13;32880;33351;7.0;0.37;2;(8.334081868963677, 131.3001216519948);12.95;
l14;33351;32880;6.75;0.37;2;(184.7408031465181, 66.6541139846832);12.95;
l15;32338;32420;7.0;0.36;2;(133.4956081045544, 5.949594936176352);12.59;
l16;32420;32338;6.75;0.36;2;(68.36266297088245, 172.33111241154106);12.59;