# line-id; start_node_id; end_node_id; start_time; duration; frequency; co-ordinates, length
l1;57500;55901;7.0;0.42;3;(3.3533614948655233, 14.186741230820598);14.8;
l2;55901;57500;6.58;0.42;3;(188.95517848314523, 184.5598441009251);14.8;
l3;56730;56769;7.25;0.43;3;(19.987262242677627, 187.96101472837535);14.91;
l4;56769;56730;6.83;0.43;3;(175.8349187971729, 15.942154498840194);14.91;
l5;56615;55951;7.25;0.42;2;(0.21222218772790447, 30.874639458185396);14.65;
l6;55951;56615;7.0;0.42;2;(186.08081991767597, 170.8430502995692);14.65;
l7;56616;56950;7.25;0.42;2;(190.48107721879583, 31.12316589690244);14.78;
l8;56950;56616;7.0;0.42;2;(11.850240377677363, 158.94154974450274);14.78;
l9;56917;56950;7.0;0.42;2;(197.8270327173456, 38.39785592944862);14.69;
l10;56950;56917;6.75;0.42;2;(11.850240377677363, 158.94154974450274);14.69;
l11;56132;56707;7.25;0.4;2;(25.58210516700662, 6.1936915622732105);13.88;
l12;56707;56132;7.0;0.4;2;(166.7651399266554, 188.05859023481537);13.88;
l13;55898;56147;7.25;0.38;1;(54.60305528119756, 4.946239974821382);13.47;
l14;56147;55898;7.5;0.38;1;(152.98005993652703, 188.44809613018828);13.47;
l15;56108;55962;7.25;0.39;1;(170.41924662595915, 184.20031816678636);13.62;
l16;55962;56108;7.5;0.39;1;(21.784502513608714, 9.996565051543271);13.62;