# line-id; start_node_id; end_node_id; start_time; duration; frequency; co-ordinates, length
l1;141035;140647;7.25;0.42;1;(150.62430215766338, 196.7254811840903);14.78;
l2;140647;141035;7.5;0.42;1;(48.384354542316714, 1.770095755377481);14.78;
l3;140147;141035;7.0;0.41;1;(42.62243052689749, 15.598648485806741);14.21;
l4;141035;140147;7.25;0.41;1;(150.62430215766338, 196.7254811840903);14.21;
l5;139296;140828;7.0;0.4;1;(4.7309056007219485, 68.83252840754493);14.0;
l6;140828;139296;7.25;0.4;1;(186.83165863572722, 139.97251150932544);14.0;
l7;140596;139390;7.25;0.39;1;(53.14215939423336, 194.20287903805777);13.66;
l8;139390;140596;7.5;0.39;1;(141.74873782586926, 12.362174710723478);13.66;
l9;140177;139646;7.0;0.39;1;(12.997332950703127, 119.43217314222848);13.76;
l10;139646;140177;7.25;0.39;1;(194.52778490025494, 80.40057479246552);13.76;
l11;140828;140577;7.25;0.39;1;(186.83165863572722, 139.97251150932544);13.68;
l12;140577;140828;7.5;0.39;1;(8.36662205048447, 58.03610974666938);13.68;
l13;140482;139476;7.25;0.39;2;(116.42293277854789, 10.476071587935644);13.69;
l14;139476;140482;7.0;0.39;2;(79.25680395318753, 194.84301381512066);13.69;
l15;139895;140712;7.33;0.41;2;(94.68268288669762, 9.285553059260062);14.35;
l16;140712;139895;7.08;0.41;2;(108.3316049288412, 196.6228238250375);14.35;