# line-id; start_node_id; end_node_id; start_time; duration; frequency; co-ordinates, length
l1;122907;123379;7.25;0.41;2;(20.510913195839116, 187.37375586098884);14.46;
l2;123379;122907;7.0;0.41;2;(186.72036546126103, 23.66982994769931);14.46;
l3;123459;123379;7.0;0.41;2;(8.078528312911224, 168.93442765550463);14.27;
l4;123379;123459;6.75;0.41;2;(186.72036546126103, 23.66982994769931);14.27;
l5;123714;123578;7.33;0.4;1;(134.46609236998574, 199.50097945906958);14.05;
l6;123578;123714;7.58;0.4;1;(75.45161496431543, 4.113347056490046);14.05;
l7;123102;122510;7.0;0.4;1;(191.4404006173145, 180.68614468851106);14.11;
l8;122510;123102;7.25;0.4;1;(18.3054621174511, 47.23601876493987);14.11;
l9;123629;123088;7.33;0.39;1;(106.78881958172785, 196.31653747304148);13.79;
l10;123088;123629;7.58;0.39;1;(96.58753489285725, 4.1308026277532175);13.79;
l11;123539;122722;7.33;0.39;1;(199.6952559358139, 91.39820156991969);13.63;
l12;122722;123539;7.58;0.39;1;(10.32748049212724, 115.60612405675897);13.63;
l13;122314;123307;7.0;0.38;1;(0.9838722626293492, 70.82822178938879);13.35;
l14;123307;122314;7.25;0.38;1;(188.4171486751946, 136.57399550518173);13.35;
l15;122434;122892;7.33;0.37;1;(9.400659656560263, 136.56588774280237);12.92;
l16;122892;122434;7.58;0.37;1;(181.41184780722364, 60.8681128894017);12.92;