# line-id; start_node_id; end_node_id; start_time; duration; frequency; co-ordinates, length
l1;38512;37483;7.0;0.46;1;(185.97260318255888, 8.619283110253583);16.21;
l2;37483;38512;7.25;0.46;1;(20.22540704529829, 185.73967884118494);16.21;
l3;38871;38147;7.0;0.4;1;(6.91995486103591, 161.97256681398616);13.92;
l4;38147;38871;7.25;0.4;1;(188.8549148890559, 47.45429616877739);13.92;
l5;37310;37924;7.25;0.38;1;(191.63574019576473, 126.57056159800175);13.28;
l6;37924;37310;7.5;0.38;1;(6.75189874618733, 79.02946324346875);13.28;
l7;37671;37900;7.25;0.39;1;(13.615581764079018, 173.05026044546113);13.58;
l8;37900;37671;7.5;0.39;1;(176.7732914353546, 37.09260931061276);13.58;
l9;37586;37701;7.33;0.38;2;(185.20497012323898, 149.79896851586784);13.32;
l10;37701;37586;7.08;0.38;2;(24.018518345105484, 64.26940109750544);13.32;
l11;37962;37977;7.25;0.39;2;(73.54944337573582, 191.33061537384827);13.54;
l12;37977;37962;7.0;0.39;2;(135.44737709945062, 12.975520286930232);13.54;
l13;37952;38948;7.25;0.35;1;(167.06519451164021, 180.14008634422868);12.33;
l14;38948;37952;7.5;0.35;1;(36.689652034869255, 44.577746985532755);12.33;
l15;38320;37797;7.33;0.35;1;(196.08873488442651, 78.42063434513575);12.26;
l16;37797;38320;7.58;0.35;1;(19.704393635633664, 126.58718440608365);12.26;