# line-id; start_node_id; end_node_id; start_time; duration; frequency; co-ordinates, length
l1;55321;54370;7.0;0.45;2;(192.1963524425245, 26.38275741618032);15.59;
l2;54370;55321;6.75;0.45;2;(13.057227789760708, 174.50604537245866);15.59;
l3;55839;54583;7.0;0.48;2;(8.636558962293535, 32.165565325093965);16.66;
l4;54583;55839;6.75;0.48;2;(190.12403121967253, 171.61253807203764);16.66;
l5;54090;55321;7.25;0.44;1;(8.352554582011484, 157.41471525616421);15.46;
l6;55321;54090;7.5;0.44;1;(192.1963524425245, 26.38275741618032);15.46;
l7;55407;55839;7.33;0.45;1;(188.59799706610127, 159.90874440568112);15.7;
l8;55839;55407;7.58;0.45;1;(8.636558962293535, 32.165565325093965);15.7;
l9;55782;54480;7.0;0.43;3;(34.008674199473596, 185.71246055878956);14.89;
l10;54480;55782;6.58;0.43;3;(160.53487366455278, 16.394527823320175);14.89;
l11;54357;55168;7.0;0.38;3;(85.01308481524765, 193.71481159524353);13.43;
l12;55168;54357;6.58;0.38;3;(104.85784833475832, 7.7753554308078225);13.43;
l13;55521;54189;7.25;0.38;1;(47.23430298707944, 14.944973774167229);13.29;
l14;54189;55521;7.5;0.38;1;(160.9451038363011, 178.0039685976245);13.29;
l15;55098;54133;7.25;0.34;1;(137.92750154581984, 189.19613132006185);11.83;
l16;54133;55098;7.5;0.34;1;(66.67373022160824, 16.405517877146078);11.83;