# line-id; start_node_id; end_node_id; start_time; duration; frequency; co-ordinates, length
l1;157398;157738;7.33;0.41;2;(8.42631092189732, 179.87993565686324);14.47;
l2;157738;157398;7.08;0.41;2;(185.38160668039663, 32.50071539553796);14.47;
l3;157157;156925;7.33;0.4;2;(185.76919086619952, 183.3740217465144);13.86;
l4;156925;157157;7.08;0.4;2;(24.044131310798814, 23.215806544143945);13.86;
l5;157411;157618;7.25;0.39;2;(177.5796599210315, 26.199059550934425);13.64;
l6;157618;157411;7.0;0.39;2;(21.99145117294906, 164.89807937471735);13.64;
l7;156815;157939;7.33;0.39;2;(53.940216851622864, 190.2236687447199);13.49;
l8;157939;156815;7.08;0.39;2;(134.26078368034442, 8.108423364278783);13.49;
l9;156518;156924;7.25;0.39;2;(160.42692769775365, 185.18402059358183);13.79;
l10;156924;156518;7.0;0.39;2;(45.052732955549764, 19.069186765392715);13.79;
l11;156678;156813;7.0;0.38;2;(163.33616888040598, 17.672285111952434);13.45;
l12;156813;156678;6.75;0.38;2;(34.25721894356124, 174.7170166253536);13.45;
l13;157405;157954;7.33;0.39;3;(197.8491805927907, 82.44570265316604);13.62;
l14;157954;157405;6.91;0.39;3;(3.8632663335876263, 122.83916538493037);13.62;
l15;157911;157449;7.0;0.38;3;(197.32102328680978, 148.57177736419473);13.4;
l16;157449;157911;6.58;0.38;3;(9.569959794940445, 43.369509773271844);13.4;