# line-id; start_node_id; end_node_id; start_time; duration; frequency; co-ordinates, length
l1;114314;114804;7.25;0.53;1;(13.969761470750539, 14.32809077728938);18.43;
l2;114804;114314;7.5;0.53;1;(189.21464758571238, 181.96910812164128);18.43;
l3;114312;115154;7.0;0.55;1;(7.6164872840309386, 27.218738943550598);19.21;
l4;115154;114312;7.25;0.55;1;(197.05337629616434, 170.86163405269804);19.21;
l5;114315;113387;7.25;0.52;1;(8.233607649303325, 183.83862727040798);18.22;
l6;113387;114315;7.5;0.52;1;(187.89161934626867, 20.205608683248965);18.22;
l7;114184;113670;7.33;0.52;1;(26.76599321387174, 188.55042012284216);18.07;
l8;113670;114184;7.58;0.52;1;(177.29516318133125, 6.640319667897298);18.07;
l9;114735;115435;7.25;0.51;1;(11.911513267521507, 41.23065081593863);17.73;
l10;115435;114735;7.5;0.51;1;(189.43234481673593, 160.79510493562324);17.73;
l11;115384;115900;7.0;0.46;1;(145.48752903473502, 7.699511156370671);16.13;
l12;115900;115384;7.25;0.46;1;(51.90799689066882, 193.57982602225752);16.13;
l13;114618;113352;7.33;0.41;1;(82.58252896385454, 5.05236703565917);14.19;
l14;113352;114618;7.58;0.41;1;(114.29078528966811, 185.84905629572717);14.19;
l15;113960;114344;7.25;0.42;1;(71.85065483237102, 1.9997037927267582);14.73;
l16;114344;113960;7.5;0.42;1;(132.4924616356292, 192.57715056741085);14.73;
l17;114310;114336;7.33;0.41;2;(55.93846709008095, 7.9583697482026565);14.21;
l18;114336;114310;7.08;0.41;2;(146.76929585388163, 186.80593582798852);14.21;
l19;114033;114695;7.33;0.42;2;(21.310151144870034, 53.47891307863211);14.85;
l20;114695;114033;7.08;0.42;2;(180.46178875933361, 150.72768034913673);14.85;
l21;113708;115942;7.33;0.42;2;(119.48187844302662, 2.391642479892444);14.87;
l22;115942;113708;7.08;0.42;2;(84.8163530408452, 192.6225197255107);14.87;
l23;113506;114339;7.33;0.41;2;(57.135813737377674, 2.9379112890255525);14.31;
l24;114339;113506;7.08;0.41;2;(137.23611408297842, 189.47070085027548);14.31;