# line-id; start_node_id; end_node_id; start_time; duration; frequency; co-ordinates, length
l1;60262;60636;7.33;0.39;2;(31.787409619884905, 187.57391724065897);13.65;
l2;60636;60262;7.08;0.39;2;(154.01485520625815, 10.141578592088775);13.65;
l3;60594;60298;7.0;0.39;2;(198.10896764877455, 52.067023585796534);13.48;
l4;60298;60594;6.75;0.39;2;(3.7491790152699154, 140.21624700708915);13.48;
l5;60674;59773;7.33;0.37;2;(14.36041704602242, 7.127910173714182);12.94;
l6;59773;60674;7.08;0.37;2;(144.82195313775867, 178.08544707303614);12.94;
l7;59197;59313;7.33;0.37;2;(133.17761115512295, 188.3824800686059);12.99;
l8;59313;59197;7.08;0.37;2;(62.30484164404591, 6.657347795698402);12.99;
l9;59654;59845;7.33;0.34;3;(21.392900929246387, 182.03251909607908);11.98;
l10;59845;59654;6.91;0.34;3;(167.2403338115345, 37.228961542103676);11.98;
l11;59275;59196;7.0;0.36;3;(15.690670434193846, 16.432008626398595);12.48;
l12;59196;59275;6.58;0.36;3;(159.6618290689034, 154.47125481154518);12.48;
l13;60307;59606;7.25;0.36;2;(92.91319428364794, 15.621747901641541);12.77;
l14;59606;60307;7.0;0.36;2;(107.62602369237179, 191.37178203050195);12.77;
l15;59497;60238;7.0;0.37;2;(59.729023015187856, 12.30989794060666);12.86;
l16;60238;59497;6.75;0.37;2;(142.19905038373358, 181.96734899045322);12.86;