# line-id; start_node_id; end_node_id; start_time; duration; frequency; co-ordinates, length
l1;129281;129901;7.0;0.58;3;(10.602156175806208, 184.53128038489592);20.15;
l2;129901;129281;6.58;0.58;3;(189.44320747820692, 16.79069890549849);20.15;
l3;129305;130371;7.0;0.53;3;(16.43677423389786, 11.55106523015585);18.57;
l4;130371;129305;6.58;0.53;3;(186.79356635986164, 178.66163240701246);18.57;
l5;128832;129313;7.25;0.48;1;(0.2766361653806323, 133.69928244460704);16.63;
l6;129313;128832;7.5;0.48;1;(197.81959778226394, 71.76459132437903);16.63;
l7;130332;127607;7.33;0.54;1;(157.4464933752436, 199.75639866320904);18.99;
l8;127607;130332;7.58;0.54;1;(31.820041516234355, 6.547360016108918);18.99;
l9;127819;130444;7.25;0.49;1;(192.70326957849647, 40.98157167754451);16.98;
l10;130444;127819;7.5;0.49;1;(14.882711765393875, 163.2558170050941);16.98;
l11;130412;130252;7.25;0.46;1;(195.7145911782628, 60.064318428227594);16.27;
l12;130252;130412;7.5;0.46;1;(9.935399854912546, 142.7056742512374);16.27;
l13;128369;129784;7.33;0.5;2;(169.56211248470368, 11.236951933217988);17.49;
l14;129784;128369;7.08;0.5;2;(35.15668267310153, 188.04793566971622);17.49;
l15;129071;130369;7.0;0.45;2;(9.172533406418108, 44.67044070251673);15.82;
l16;130369;129071;6.75;0.45;2;(182.50961849259517, 158.4729647089077);15.82;
l17;127530;128374;7.25;0.44;2;(57.02562276778677, 197.60405223176173);15.38;
l18;128374;127530;7.0;0.44;2;(145.5597520582778, 3.90706878328912);15.38;
l19;128361;130042;7.25;0.45;2;(156.04529967291117, 8.089698666194703);15.59;
l20;130042;128361;7.0;0.45;2;(44.15791795559711, 190.9224182405116);15.59;
l21;130059;128638;7.25;0.44;3;(72.44364478522537, 2.2062591680093204);15.28;
l22;128638;130059;6.83;0.44;3;(123.05891802315217, 185.40461647703358);15.28;
l23;128815;127664;7.33;0.4;3;(5.6142852930805445, 66.05943771907009);13.85;
l24;127664;128815;6.91;0.4;3;(183.6410668049676, 139.7587901711058);13.85;