# line-id; start_node_id; end_node_id; start_time; duration; frequency; co-ordinates, length
l1;125994;126535;7.25;0.49;1;(168.89584510952133, 5.940774437351333);17.29;
l2;126535;125994;7.5;0.49;1;(15.040353634244852, 190.81634287564913);17.29;
l3;126539;126231;7.25;0.47;1;(4.237930445940997, 22.94264646756822);16.37;
l4;126231;126539;7.5;0.47;1;(166.65512538074233, 166.63708338305156);16.37;
l5;126422;126214;7.0;0.44;2;(50.08144244454845, 192.50616242361102);15.29;
l6;126214;126422;6.75;0.44;2;(151.23105819756245, 11.551209674446907);15.29;
l7;125954;125740;7.33;0.4;2;(9.39233285668098, 167.10957889840233);14.1;
l8;125740;125954;7.08;0.4;2;(186.67685382253845, 46.98603836875488);14.1;
l9;126062;126645;7.33;0.38;1;(6.181525927997756, 138.24633046778504);13.33;
l10;126645;126062;7.58;0.38;1;(188.34749913436062, 51.70110720609278);13.33;
l11;125531;126856;7.25;0.38;1;(75.62321079126188, 190.68678398076892);13.29;
l12;126856;125531;7.5;0.38;1;(125.44965811586935, 11.674298945730833);13.29;
l13;125507;126801;7.25;0.38;1;(4.90293339347037, 125.42591208672457);13.21;
l14;126801;125507;7.5;0.38;1;(185.3317343332532, 70.47991026637423);13.21;
l15;127114;125636;7.0;0.37;1;(12.318031116622173, 46.5500871153786);13.11;
l16;125636;127114;7.25;0.37;1;(167.03024549972244, 140.9268944943404);13.11;