# line-id; start_node_id; end_node_id; start_time; duration; frequency; co-ordinates, length
l1;39797;40337;7.0;0.41;1;(169.7424427614843, 23.089056682751323);14.35;
l2;40337;39797;7.25;0.41;1;(14.56793073137965, 184.35033098865077);14.35;
l3;39925;39933;7.33;0.41;1;(45.637310579371345, 1.7877368412832053);14.24;
l4;39933;39925;7.58;0.41;1;(147.81950775251084, 191.81149272283622);14.24;
l5;39045;39797;7.0;0.41;1;(26.184219865171354, 194.83091396401701);14.18;
l6;39797;39045;7.25;0.41;1;(169.7424427614843, 23.089056682751323);14.18;
l7;39799;39617;7.25;0.38;1;(197.1787025828296, 50.90851239907487);13.46;
l8;39617;39799;7.5;0.38;1;(15.367857157011041, 144.58831163711076);13.46;
l9;40302;40384;7.25;0.38;1;(1.5828267781775751, 69.46926499973792);13.18;
l10;40384;40302;7.5;0.38;1;(189.08539317945073, 122.8902197068492);13.18;
l11;40764;40399;7.0;0.37;1;(6.54358835452653, 125.6467131804309);12.9;
l12;40399;40764;7.25;0.37;1;(192.04944170273498, 80.23420834335369);12.9;
l13;40165;39952;7.25;0.38;2;(133.09594525096685, 1.307520981274348);13.23;
l14;39952;40165;7.0;0.38;2;(73.2964949587626, 189.3101741520446);13.23;
l15;39973;40500;7.33;0.37;2;(4.246508725464581, 81.1252961939681);12.93;
l16;40500;39973;7.08;0.37;2;(195.63082001408662, 115.79274016021718);12.93;