# line-id; start_node_id; end_node_id; start_time; duration; frequency; co-ordinates, length
l1;71541;71736;7.33;0.5;1;(19.842614434708175, 7.292398900306219);17.42;
l2;71736;71541;7.58;0.5;1;(178.40651907911794, 178.2279669532708);17.42;
l3;73060;72593;7.0;0.49;1;(196.1695551307377, 17.469278073446798);17.16;
l4;72593;73060;7.25;0.49;1;(10.992381071707783, 177.89766797993795);17.16;
l5;70543;71796;7.25;0.47;1;(170.80643666359296, 19.266365501847837);16.47;
l6;71796;70543;7.5;0.47;1;(26.242540143290316, 187.32936527728535);16.47;
l7;72281;71559;7.0;0.48;1;(160.53936624756545, 187.37137739988907);16.78;
l8;71559;72281;7.25;0.48;1;(39.170494353392165, 16.530896360175543);16.78;
l9;73001;73033;7.25;0.46;1;(1.567745700321705, 153.23686704772192);16.21;
l10;73033;73001;7.5;0.46;1;(194.49001780496639, 54.874908658301415);16.21;
l11;72957;70703;7.0;0.45;1;(145.28383806085392, 197.625027927717);15.77;
l12;70703;72957;7.25;0.45;1;(59.511393737152, 17.179780150996194);15.77;
l13;72472;70689;7.33;0.47;2;(135.10483189754663, 196.26247270629375);16.28;
l14;70689;72472;7.08;0.47;2;(75.79507943807847, 7.675030332279441);16.28;
l15;73024;72314;7.0;0.42;2;(191.21526336972136, 161.04807304248584);14.67;
l16;72314;73024;6.75;0.42;2;(21.322258940148767, 45.03600397342531);14.67;
l17;70677;70994;7.0;0.41;1;(126.7308196984399, 6.706442407272657);14.52;
l18;70994;70677;7.25;0.41;1;(72.99324935678455, 190.50643286928613);14.52;
l19;73240;71525;7.25;0.43;1;(199.90482835666015, 71.48217659818503);15.1;
l20;71525;73240;7.5;0.43;1;(6.937645615879185, 134.87940478278767);15.1;
l21;70552;71666;7.0;0.44;1;(93.25671628614346, 6.7097839797446515);15.35;
l22;71666;70552;7.25;0.44;1;(106.65100367608362, 197.32395557097192);15.35;
l23;70563;70723;7.0;0.41;1;(164.860035536402, 171.68363206243163);14.29;
l24;70723;70563;7.25;0.41;1;(39.34143823520839, 32.05659912594393);14.29;