# line-id; start_node_id; end_node_id; start_time; duration; frequency; co-ordinates, length
l1;96267;95093;7.33;0.48;1;(26.369592958656746, 193.57795210282308);16.7;
l2;95093;96267;7.58;0.48;1;(176.4860430466593, 13.021064927508341);16.7;
l3;95568;95610;7.33;0.44;1;(33.211791556795156, 185.703009740654);15.55;
l4;95610;95568;7.58;0.44;1;(167.68707859440826, 20.393402805466195);15.55;
l5;96350;95503;7.0;0.45;1;(185.17100919095802, 179.28617089935784);15.92;
l6;95503;96350;7.25;0.45;1;(25.03890505639193, 29.616863469883327);15.92;
l7;95422;96411;7.33;0.45;1;(176.1562347582116, 23.15409967180015);15.72;
l8;96411;95422;7.58;0.45;1;(25.542500232747823, 174.92055262316526);15.72;
l9;95571;95247;7.0;0.41;2;(52.2234319045076, 193.73884889236234);14.43;
l10;95247;95571;6.75;0.41;2;(151.30785894451697, 14.9247135034044);14.43;
l11;95090;96407;7.25;0.37;2;(52.31996703390238, 178.4627221080594);13.04;
l12;96407;95090;7.0;0.37;2;(147.6716494316069, 17.622750537327942);13.04;
l13;96536;95396;7.33;0.38;1;(194.91469973355544, 143.67700284600696);13.4;
l14;95396;96536;7.58;0.38;1;(27.39880464850054, 48.7399637442617);13.4;
l15;95868;95804;7.0;0.36;1;(136.01351853771064, 193.61121413138832);12.55;
l16;95804;95868;7.25;0.36;1;(81.6772943474886, 15.340893813135631);12.55;