# line-id; start_node_id; end_node_id; start_time; duration; frequency; co-ordinates, length
l1;153149;154065;7.0;0.46;2;(22.53783498066515, 2.8649016427735132);15.98;
l2;154065;153149;6.75;0.46;2;(182.0693391945216, 184.31945783272806);15.98;
l3;153542;154446;7.0;0.45;2;(5.259614571165928, 45.33478066725917);15.7;
l4;154446;153542;6.75;0.45;2;(193.04630392320527, 161.53550688573714);15.7;
l5;154377;153184;7.25;0.43;2;(187.32260864727328, 11.779553771987871);15.15;
l6;153184;154377;7.0;0.43;2;(41.68479879233983, 167.19425559987138);15.15;
l7;154034;153638;7.25;0.41;2;(79.79144933147403, 191.97789078792803);14.19;
l8;153638;154034;7.0;0.41;2;(113.0594659967042, 6.747542968355928);14.19;
l9;153474;153942;7.33;0.39;1;(193.32635603005122, 32.87866528620333);13.74;
l10;153942;153474;7.58;0.39;1;(3.356454608589604, 140.23775886941402);13.74;
l11;154614;154034;7.25;0.39;1;(109.69576564201977, 2.9913974256262543);13.66;
l12;154034;154614;7.5;0.39;1;(79.79144933147403, 191.97789078792803);13.66;
l13;153165;153942;7.33;0.37;3;(197.32154871052327, 42.53907661850493);13.06;
l14;153942;153165;6.91;0.37;3;(3.356454608589604, 140.23775886941402);13.06;
l15;153150;153222;7.0;0.38;3;(26.812859335238983, 35.810124739627916);13.16;
l16;153222;153150;6.58;0.38;3;(176.7165453341018, 159.21508636029483);13.16;