# line-id; start_node_id; end_node_id; start_time; duration; frequency; co-ordinates, length
l1;159056;159756;7.33;0.43;2;(162.4154881219457, 5.476611151671365);14.98;
l2;159756;159056;7.08;0.43;2;(48.66251221811132, 188.02848342221523);14.98;
l3;158374;158607;7.33;0.38;2;(198.38842006687358, 121.60885874243311);13.41;
l4;158607;158374;7.08;0.38;2;(5.181678975725683, 84.81409399535511);13.41;
l5;158593;159057;7.0;0.39;3;(9.337097690709408, 24.01333848968475);13.66;
l6;159057;158593;6.58;0.39;3;(172.1790507159943, 171.34189438210888);13.66;
l7;159591;159057;7.33;0.4;3;(24.98626808936915, 7.256534734419821);13.87;
l8;159057;159591;6.91;0.4;3;(172.1790507159943, 171.34189438210888);13.87;
l9;158878;159488;7.0;0.39;1;(57.253531403159386, 4.6665695480141896);13.54;
l10;159488;158878;7.25;0.39;1;(150.96116970331707, 188.97578403383264);13.54;
l11;158428;159057;7.0;0.36;1;(23.813852400686514, 19.972145898431908);12.59;
l12;159057;158428;7.25;0.36;1;(172.1790507159943, 171.34189438210888);12.59;
l13;158444;158232;7.25;0.36;1;(5.707892176263948, 118.9884195926995);12.62;
l14;158232;158444;7.5;0.36;1;(190.4294253608762, 75.52279379209538);12.62;
l15;159049;158232;7.25;0.38;1;(7.749157953143921, 130.29220175262097);13.17;
l16;158232;159049;7.5;0.38;1;(190.4294253608762, 75.52279379209538);13.17;