# line-id; start_node_id; end_node_id; start_time; duration; frequency; co-ordinates, length
l1;100098;99774;7.33;0.46;1;(19.871485012727213, 23.2527614850053);15.96;
l2;99774;100098;7.58;0.46;1;(170.00098995950052, 180.05436391924061);15.96;
l3;99774;98808;7.33;0.43;1;(170.00098995950052, 180.05436391924061);15.13;
l4;98808;99774;7.58;0.43;1;(33.37687728827218, 23.674434523608696);15.13;
l5;99763;100173;7.25;0.42;2;(199.78803858759738, 147.729505640175);14.7;
l6;100173;99763;7.0;0.42;2;(0.1842623000338558, 44.10408276131776);14.7;
l7;100122;99189;7.33;0.43;2;(8.867333340416515, 170.80699483620728);14.91;
l8;99189;100122;7.08;0.43;2;(182.04766626053708, 43.227742975653754);14.91;
l9;99215;99609;7.25;0.41;1;(56.11481832247274, 11.123761870119882);14.39;
l10;99609;99215;7.5;0.41;1;(138.04490942148396, 191.844913058351);14.39;
l11;99152;99536;7.25;0.4;1;(28.89327145407151, 173.52627768570304);14.0;
l12;99536;99152;7.5;0.4;1;(177.17809119179552, 43.21253886849484);14.0;
l13;99075;99313;7.25;0.38;1;(40.69539098952214, 186.54517720303238);13.23;
l14;99313;99075;7.5;0.38;1;(150.24250469447122, 33.50218913449192);13.23;
l15;98457;99233;7.0;0.37;1;(126.5645019830297, 188.09202015718287);12.91;
l16;99233;98457;7.25;0.37;1;(76.33892801056581, 9.144618368063968);12.91;