# line-id; start_node_id; end_node_id; start_time; duration; frequency; co-ordinates, length
l1;150017;150722;7.0;0.48;3;(13.677379917447528, 14.37995785482987);16.83;
l2;150722;150017;6.58;0.48;3;(169.53539477122527, 195.19345509031524);16.83;
l3;150852;150907;7.25;0.46;3;(23.422348201980306, 180.40540219920857);15.98;
l4;150907;150852;6.83;0.46;3;(181.87569972170354, 30.672338988074927);15.98;
l5;151098;150971;7.0;0.45;1;(199.62624085534122, 52.44555582791441);15.61;
l6;150971;151098;7.25;0.45;1;(2.5292264347998024, 155.69405744604148);15.61;
l7;151310;150062;7.25;0.41;1;(11.135272743178167, 50.231433560086906);14.43;
l8;150062;151310;7.5;0.41;1;(184.9869162275824, 162.19381196485213);14.43;
l9;151223;149887;7.33;0.39;2;(10.154181742665754, 60.1356952995448);13.62;
l10;149887;151223;7.08;0.39;2;(175.40313437375576, 156.07592400051314);13.62;
l11;149887;149769;7.0;0.38;2;(175.40313437375576, 156.07592400051314);13.3;
l12;149769;149887;6.75;0.38;2;(25.223965550507234, 47.834146358847484);13.3;
l13;150495;150592;7.0;0.38;1;(37.98907765375197, 184.6040182538241);13.47;
l14;150592;150495;7.25;0.38;1;(145.2434153970778, 21.040682815974282);13.47;
l15;150039;151219;7.0;0.39;1;(10.468859757684875, 131.54508246304883);13.51;
l16;151219;150039;7.25;0.39;1;(187.73592457699067, 66.84494403847624);13.51;