# line-id; start_node_id; end_node_id; start_time; duration; frequency; co-ordinates, length
l1;134892;133430;7.33;0.53;3;(17.901626088990074, 7.383198978291865);18.71;
l2;133430;134892;6.91;0.53;3;(171.0514166275736, 188.43670840509796);18.71;
l3;135148;134261;7.33;0.51;3;(41.551475871027606, 5.106916909856473);17.87;
l4;134261;135148;6.91;0.51;3;(153.1156080490125, 195.54522014584518);17.87;
l5;134956;133250;7.0;0.52;3;(190.71335792381367, 4.791026391546272);18.2;
l6;133250;134956;6.58;0.52;3;(18.2325275247306, 181.37886612458237);18.2;
l7;136028;133827;7.33;0.52;3;(4.570534359773683, 168.14741554123927);18.14;
l8;133827;136028;6.91;0.52;3;(187.1455096500901, 36.56896199286438);18.14;
l9;135565;133395;7.0;0.51;2;(0.0614048246330795, 144.38969502906178);17.73;
l10;133395;135565;6.75;0.51;2;(195.44702772539802, 66.22115005920676);17.73;
l11;136086;133395;7.25;0.49;2;(5.316197909727369, 144.23340690265672);17.22;
l12;133395;136086;7.0;0.49;2;(195.44702772539802, 66.22115005920676);17.22;
l13;133601;134517;7.33;0.46;2;(13.499560020581429, 152.03273567257804);15.94;
l14;134517;133601;7.08;0.46;2;(184.855926967629, 45.91270741698875);15.94;
l15;136026;134517;7.25;0.46;2;(9.850535188016824, 146.69338351738023);16.08;
l16;134517;136026;7.0;0.46;2;(184.855926967629, 45.91270741698875);16.08;
l17;133702;134550;7.25;0.48;1;(32.96704753451721, 19.73163553747844);16.73;
l18;134550;133702;7.5;0.48;1;(160.5632939912589, 174.87253492536328);16.73;
l19;135279;134812;7.33;0.45;1;(76.77522472967868, 1.1861886348563155);15.69;
l20;134812;135279;7.58;0.45;1;(116.65565099365753, 194.72868873254848);15.69;
l21;136029;135238;7.25;0.45;2;(65.67559591217632, 4.500349970674172);15.74;
l22;135238;136029;7.0;0.45;2;(132.7195403420753, 193.08865591882136);15.74;
l23;133445;135972;7.33;0.47;2;(143.66241938321832, 191.82149648464596);16.47;
l24;135972;133445;7.08;0.47;2;(61.410698556448, 12.942747168088259);16.47;