# line-id; start_node_id; end_node_id; start_time; duration; frequency; co-ordinates, length
l1;121496;121081;7.0;0.43;1;(12.057369516699737, 5.857985851386599);14.88;
l2;121081;121496;7.25;0.43;1;(166.23383916776677, 172.411192794362);14.88;
l3;120619;121412;7.0;0.44;1;(185.25138954913928, 27.247117970421705);15.34;
l4;121412;120619;7.25;0.44;1;(35.873719006733126, 173.12130323023354);15.34;
l5;121900;121190;7.0;0.4;1;(196.70240358839843, 138.8296529888042);14.06;
l6;121190;121900;7.25;0.4;1;(18.896007003235162, 51.09794157185996);14.06;
l7;121412;121041;7.33;0.38;1;(35.873719006733126, 173.12130323023354);13.47;
l8;121041;121412;7.58;0.38;1;(171.76105777804585, 33.402719118727624);13.47;
l9;121815;121671;7.0;0.36;1;(50.02272686832442, 7.99582151567695);12.56;
l10;121671;121815;7.25;0.36;1;(143.9822890478237, 188.6680735576327);12.56;
l11;122064;121060;7.33;0.39;1;(54.64542789492828, 198.10732446435372);13.75;
l12;121060;122064;7.58;0.39;1;(124.34358139777781, 13.206629881580659);13.75;
l13;120862;121680;7.33;0.34;2;(67.34504729750847, 7.373599549858958);12.04;
l14;121680;120862;7.08;0.34;2;(133.0998535325854, 186.87707555889105);12.04;
l15;121473;120852;7.33;0.37;2;(177.6578615446751, 40.60712362010209);12.82;
l16;120852;121473;7.08;0.37;2;(27.169173122843752, 149.15500416276984);12.82;