# line-id; start_node_id; end_node_id; start_time; duration; frequency; co-ordinates, length
l1;132384;131299;7.0;0.45;1;(199.14713071780946, 16.624899569983043);15.81;
l2;131299;132384;7.25;0.45;1;(6.22849909342032, 161.15200913888015);15.81;
l3;130715;132384;7.25;0.45;1;(23.44230475474928, 171.71982408212543);15.81;
l4;132384;130715;7.5;0.45;1;(199.14713071780946, 16.624899569983043);15.81;
l5;132238;131935;7.33;0.43;2;(181.7735203938721, 187.07424131458035);15.14;
l6;131935;132238;7.08;0.43;2;(12.71625618909472, 19.926552761605038);15.14;
l7;131935;130780;7.25;0.43;2;(12.71625618909472, 19.926552761605038);15.14;
l8;130780;131935;7.0;0.43;2;(182.64533911546218, 180.78925628277383);15.14;
l9;130781;131935;7.0;0.45;1;(177.72302454943997, 189.16032578361327);15.59;
l10;131935;130781;7.25;0.45;1;(12.71625618909472, 19.926552761605038);15.59;
l11;130780;131935;7.25;0.42;1;(182.64533911546218, 180.78925628277383);14.76;
l12;131935;130780;7.5;0.42;1;(12.71625618909472, 19.926552761605038);14.76;
l13;130897;132259;7.0;0.41;1;(128.27319421825044, 195.32399001535816);14.2;
l14;132259;130897;7.25;0.41;1;(70.435096234917, 11.31112026422034);14.2;
l15;132109;130827;7.33;0.4;1;(168.93456333244376, 179.234750157292);13.89;
l16;130827;132109;7.58;0.4;1;(38.215748596252574, 17.803269188562652);13.89;