# line-id; start_node_id; end_node_id; start_time; duration; frequency; co-ordinates, length
l1;116278;116791;7.25;0.45;2;(159.7966942002223, 199.41212310633009);15.71;
l2;116791;116278;7.0;0.45;2;(53.22220826239555, 0.824958593676436);15.71;
l3;115414;116791;7.0;0.44;2;(152.25266040443063, 192.09286005167976);15.27;
l4;116791;115414;6.75;0.44;2;(53.22220826239555, 0.824958593676436);15.27;
l5;116008;116775;7.33;0.42;1;(165.57635680089766, 192.10314320266914);14.83;
l6;116775;116008;7.58;0.42;1;(37.479966856182294, 14.413349742277408);14.83;
l7;116360;116054;7.25;0.39;1;(3.6959571535160483, 130.77831039578612);13.67;
l8;116054;116360;7.5;0.39;1;(187.32966486051313, 66.69874761340765);13.67;
l9;116203;115564;7.33;0.41;1;(64.01869754278492, 2.774835517572566);14.38;
l10;115564;116203;7.58;0.41;1;(129.61796635458913, 191.51207532748768);14.38;
l11;116963;116523;7.33;0.4;1;(105.2642691508409, 4.0961140460959875);14.12;
l12;116523;116963;7.58;0.4;1;(106.3729686038701, 194.42571576443234);14.12;
l13;115411;117186;7.0;0.39;1;(126.33229572907771, 195.9673543789204);13.82;
l14;117186;115411;7.25;0.39;1;(77.51265315590857, 4.294090319186869);13.82;
l15;116151;115967;7.33;0.41;1;(185.1435087525072, 184.58462257709473);14.39;
l16;115967;116151;7.58;0.41;1;(27.533124686333107, 25.439370383382762);14.39;