# line-id; start_node_id; end_node_id; start_time; duration; frequency; co-ordinates, length
l1;108589;107690;7.0;0.45;2;(57.86007624155436, 3.8674119242653626);15.76;
l2;107690;108589;6.75;0.45;2;(162.1278840115607, 194.043919564275);15.76;
l3;108162;108161;7.33;0.44;2;(199.1644596498109, 181.03631682038827);15.43;
l4;108161;108162;7.08;0.44;2;(29.046833650189605, 22.620180130010148);15.43;
l5;108749;108421;7.33;0.41;1;(190.87580291708267, 66.94609949433418);14.49;
l6;108421;108749;7.58;0.41;1;(4.407897312008121, 127.8168973241289);14.49;
l7;107858;107987;7.0;0.41;1;(190.74870371274397, 33.642090674555114);14.51;
l8;107987;107858;7.25;0.41;1;(26.98612128633262, 159.1236899851887);14.51;
l9;107832;108175;7.25;0.38;1;(109.58661237979058, 0.781126821769404);13.36;
l10;108175;107832;7.5;0.38;1;(78.1292020776445, 193.1683777244682);13.36;
l11;107410;107832;7.33;0.37;1;(75.18371831873743, 192.46594853782713);12.95;
l12;107832;107410;7.58;0.37;1;(109.58661237979058, 0.781126821769404);12.95;
l13;108474;107672;7.33;0.35;1;(2.2390641438903987, 47.79179115110475);12.18;
l14;107672;108474;7.58;0.35;1;(184.6494892167222, 147.28173649882362);12.18;
l15;107371;107286;7.33;0.37;1;(170.00548081429682, 6.155992997300593);12.94;
l16;107286;107371;7.58;0.37;1;(57.068097107523066, 177.12498189363117);12.94;