# line-id; start_node_id; end_node_id; start_time; duration; frequency; co-ordinates, length
l1;141548;142328;7.0;0.46;1;(3.672309985859178, 28.362768089356564);16.19;
l2;142328;141548;7.25;0.46;1;(188.92447306565566, 161.63178611282922);16.19;
l3;142109;141748;7.33;0.41;1;(160.38952378789008, 13.884571150006634);14.42;
l4;141748;142109;7.58;0.41;1;(43.548468620793514, 176.2791785459399);14.42;
l5;141661;141430;7.0;0.4;2;(31.484707384621117, 17.23183508838084);14.0;
l6;141430;141661;6.75;0.4;2;(164.42526889182847, 175.0693279906062);14.0;
l7;141264;141154;7.33;0.39;2;(49.191563996085904, 9.040976175452268);13.65;
l8;141154;141264;7.08;0.39;2;(141.5605099164992, 185.81405428558506);13.65;
l9;141645;141430;7.0;0.41;1;(39.86268238979495, 13.49024443849446);14.31;
l10;141430;141645;7.25;0.41;1;(164.42526889182847, 175.0693279906062);14.31;
l11;141398;141955;7.33;0.41;1;(1.5288393350168281, 88.13882268690922);14.28;
l12;141955;141398;7.58;0.41;1;(196.8682771036148, 108.05996196660918);14.28;
l13;141266;141399;7.33;0.4;1;(197.57225415935466, 102.67908505184735);13.96;
l14;141399;141266;7.58;0.4;1;(4.973361001482555, 97.31515467103654);13.96;
l15;142190;141355;7.25;0.38;1;(140.9549493177298, 12.152632674132066);13.19;
l16;141355;142190;7.5;0.38;1;(60.04174165683797, 175.30430809954694);13.19;