# line-id; start_node_id; end_node_id; start_time; duration; frequency; co-ordinates, length
l1;136930;137534;7.33;0.51;2;(163.9619016050091, 0.0891782938008947);17.83;
l2;137534;136930;7.08;0.51;2;(29.365978960685243, 197.97432296890796);17.83;
l3;136957;136930;7.25;0.47;2;(48.50239236086201, 194.96216834411624);16.52;
l4;136930;136957;7.0;0.47;2;(163.9619016050091, 0.0891782938008947);16.52;
l5;137569;135948;7.33;0.46;1;(0.5880164565567729, 31.865412955696755);16.18;
l6;135948;137569;7.58;0.46;1;(198.40741782368866, 137.58666250192485);16.18;
l7;136215;137552;7.25;0.45;1;(173.06010533553743, 187.0104254631539);15.58;
l8;137552;136215;7.5;0.45;1;(25.045884987806584, 26.558392603447633);15.58;
l9;136018;137604;7.25;0.43;1;(14.005687823746618, 168.66705272349543);15.16;
l10;137604;136018;7.5;0.43;1;(178.92381480928282, 32.77495015695198);15.16;
l11;137021;136195;7.0;0.36;1;(144.5719133638115, 193.5070467671812);12.54;
l12;136195;137021;7.25;0.36;1;(49.362343517330515, 21.76497853030771);12.54;
l13;137120;136608;7.25;0.37;1;(122.06723744289421, 0.15276483888751713);12.97;
l14;136608;137120;7.5;0.37;1;(78.09297635037352, 188.89155812110084);12.97;
l15;136047;135939;7.0;0.38;1;(124.37694405333379, 188.08025147621166);13.33;
l16;135939;136047;7.25;0.38;1;(81.59010596581312, 12.144210861891002);13.33;