# line-id; start_node_id; end_node_id; start_time; duration; frequency; co-ordinates, length
l1;23034;23189;7.33;0.46;1;(199.15032683304605, 22.143427454495967);15.97;
l2;23189;23034;7.58;0.46;1;(11.595949981024088, 166.53011745187658);15.97;
l3;22025;23039;7.0;0.44;1;(184.1360061784591, 186.0983381050278);15.47;
l4;23039;22025;7.25;0.44;1;(12.287391533582268, 15.62270636956762);15.47;
l5;23406;23039;7.25;0.47;2;(180.2023149729539, 192.90900169661856);16.32;
l6;23039;23406;7.0;0.47;2;(12.287391533582268, 15.62270636956762);16.32;
l7;22820;22296;7.33;0.46;2;(153.60912645272563, 197.29573530409758);15.98;
l8;22296;22820;7.08;0.46;2;(42.47799114373998, 5.8527139991348145);15.98;
l9;23039;22164;7.25;0.45;3;(12.287391533582268, 15.62270636956762);15.74;
l10;22164;23039;6.83;0.45;3;(187.39789822252828, 182.39766069239334);15.74;
l11;23035;23154;7.0;0.42;3;(199.83965773464104, 95.90772205892048);14.71;
l12;23154;23035;6.58;0.42;3;(1.1213721109284898, 105.69597465601721);14.71;
l13;23402;22094;7.25;0.41;2;(182.68648149119466, 3.373020890345498);14.41;
l14;22094;23402;7.0;0.41;2;(24.777619863082794, 174.91555656100894);14.41;
l15;22366;22015;7.33;0.42;2;(164.71846150252605, 181.33338476991543);14.79;
l16;22015;22366;7.08;0.42;2;(36.76653608113338, 14.744640192769765);14.79;