# line-id; start_node_id; end_node_id; start_time; duration; frequency; co-ordinates, length
l1;29309;28910;7.0;0.46;1;(180.9501414071536, 12.653876804412954);16.08;
l2;28910;29309;7.25;0.46;1;(31.40743172389522, 196.22986163436957);16.08;
l3;29407;29149;7.33;0.44;1;(158.08023604151145, 193.96786856011477);15.39;
l4;29149;29407;7.58;0.44;1;(37.73954965461407, 6.573424605417948);15.39;
l5;29567;29482;7.0;0.43;2;(174.1746950113557, 175.06520734242758);15.15;
l6;29482;29567;6.75;0.43;2;(34.33052435263733, 15.208420030884785);15.15;
l7;29405;29853;7.0;0.41;2;(180.77443462377013, 175.31985973247342);14.28;
l8;29853;29405;6.75;0.41;2;(20.409241166350846, 38.548183163102976);14.28;
l9;30144;29228;7.0;0.42;3;(51.44823618076323, 8.18964118647434);14.85;
l10;29228;30144;6.58;0.42;3;(141.97114818977477, 192.36451322691894);14.85;
l11;29653;29596;7.0;0.4;3;(18.696927209130678, 156.22760144731035);14.1;
l12;29596;29653;6.58;0.4;3;(177.0357135493977, 46.942824430890475);14.1;
l13;28920;29155;7.25;0.38;1;(127.59997682858418, 192.55464515691278);13.35;
l14;29155;28920;7.5;0.38;1;(76.73683533582005, 10.512147088486136);13.35;
l15;29576;29448;7.0;0.36;1;(60.069982522840725, 191.9394430838042);12.72;
l16;29448;29576;7.25;0.36;1;(136.80307566813414, 11.698086947961851);12.72;