# line-id; start_node_id; end_node_id; start_time; duration; frequency; co-ordinates, length
l1;81583;79121;7.0;0.56;1;(2.518107438047479, 14.838250598022539);19.77;
l2;79121;81583;7.25;0.56;1;(191.6149503109982, 181.2254122371874);19.77;
l3;81634;80832;7.33;0.52;1;(3.6594395117244707, 43.09286432792846);18.32;
l4;80832;81634;7.58;0.52;1;(197.50101772344073, 153.2198268736082);18.32;
l5;79773;81755;7.0;0.57;1;(161.91657417616352, 2.0320492414314515);20.04;
l6;81755;79773;7.25;0.57;1;(31.857788453143336, 199.25991356128895);20.04;
l7;79750;79706;7.25;0.49;1;(161.29084095757045, 199.33148402892436);17.18;
l8;79706;79750;7.5;0.49;1;(35.89991748976007, 5.640387135931193);17.18;
l9;80138;80339;7.0;0.49;1;(191.91613883664658, 35.31081324003331);17.0;
l10;80339;80138;7.25;0.49;1;(11.066370705269774, 156.0493847106877);17.0;
l11;79137;79649;7.25;0.46;1;(17.674571275455055, 169.10126922049625);15.93;
l12;79649;79137;7.5;0.46;1;(174.5073117836504, 25.554924353666994);15.93;
l13;81899;80590;7.0;0.49;1;(115.91077343300478, 4.248478677178327);17.05;
l14;80590;81899;7.25;0.49;1;(84.34257386412001, 196.45716067670466);17.05;
l15;80100;81024;7.33;0.43;1;(65.0163587635386, 9.596404694980729);14.89;
l16;81024;80100;7.58;0.43;1;(133.6470279353888, 187.13817883356853);14.89;
l17;80643;80952;7.0;0.4;2;(199.49420764406773, 88.72082058886184);14.15;
l18;80952;80643;6.75;0.4;2;(9.913299293063245, 109.49702069705191);14.15;
l19;80896;79766;7.25;0.41;2;(110.92275568784854, 194.08140537141125);14.44;
l20;79766;80896;7.0;0.41;2;(85.9672186268947, 12.736679887155109);14.44;
l21;81216;81186;7.0;0.41;1;(107.59834323924815, 11.746043075631446);14.28;
l22;81186;81216;7.25;0.41;1;(87.7855689607479, 189.31952500048564);14.28;
l23;80889;79294;7.25;0.37;1;(92.45031441241369, 16.0980280373951);13.09;
l24;79294;80889;7.5;0.37;1;(109.11312510742908, 189.36982644188663);13.09;