# line-id; start_node_id; end_node_id; start_time; duration; frequency; co-ordinates, length
l1;119826;119374;7.33;0.48;1;(158.4423491154884, 199.4752412616932);16.82;
l2;119374;119826;7.58;0.48;1;(15.56558068207145, 17.5792992635673);16.82;
l3;119981;118940;7.0;0.46;1;(0.7176209409846646, 178.1001207572361);16.18;
l4;118940;119981;7.25;0.46;1;(189.31660128427387, 23.87347036014949);16.18;
l5;118905;119496;7.33;0.41;1;(191.796278939418, 69.52064096294806);14.25;
l6;119496;118905;7.58;0.41;1;(11.01087845320037, 133.8028325680446);14.25;
l7;118874;118876;7.33;0.39;1;(9.727782114286647, 30.515776996377458);13.54;
l8;118876;118874;7.58;0.39;1;(183.76743071255333, 146.17031673564162);13.54;
l9;118936;120291;7.25;0.39;1;(164.22295973217535, 17.415787096453172);13.77;
l10;120291;118936;7.5;0.39;1;(39.48324132100305, 170.02320021635842);13.77;
l11;119846;119290;7.25;0.35;1;(157.01135130133113, 9.333397988102968);12.25;
l12;119290;119846;7.5;0.35;1;(48.21514262251097, 173.8707466095614);12.25;
l13;119450;119290;7.33;0.35;2;(161.72794369919288, 11.375084268142414);12.38;
l14;119290;119450;7.08;0.35;2;(48.21514262251097, 173.8707466095614);12.38;
l15;119773;118910;7.0;0.35;2;(85.6639978157032, 193.55779488969335);12.32;
l16;118910;119773;6.75;0.35;2;(129.10113699905722, 3.778832527597403);12.32;