# line-id; start_node_id; end_node_id; start_time; duration; frequency; co-ordinates, length
l1;42499;43501;7.33;0.5;2;(10.439952126764096, 194.20948549760973);17.34;
l2;43501;42499;7.08;0.5;2;(175.28542391385724, 23.263180962455593);17.34;
l3;43083;43775;7.0;0.43;2;(184.9975771907248, 180.80698496528996);15.01;
l4;43775;43083;6.75;0.43;2;(17.869017402384337, 32.00123335100375);15.01;
l5;42559;43380;7.33;0.42;2;(42.131727529895905, 176.36494728844474);14.69;
l6;43380;42559;7.08;0.42;2;(164.00735689101992, 13.382924048153466);14.69;
l7;42396;43000;7.33;0.41;2;(168.54540218656655, 187.37834857967573);14.35;
l8;43000;42396;7.08;0.41;2;(39.53926160165327, 16.79707596392836);14.35;
l9;42986;42308;7.0;0.38;1;(138.90643273965682, 194.99309364017623);13.14;
l10;42308;42986;7.25;0.38;1;(57.665797203632664, 28.845069223012622);13.14;
l11;43860;42266;7.33;0.38;1;(47.92346065482725, 188.85370492347076);13.34;
l12;42266;43860;7.58;0.38;1;(143.12415163472122, 12.643836175344166);13.34;
l13;43840;42838;7.33;0.38;3;(2.637249566042361, 76.47016544383033);13.45;
l14;42838;43840;6.91;0.38;3;(196.9158758835302, 114.91189988423805);13.45;
l15;42275;43063;7.33;0.37;3;(194.9035202925881, 100.49099854439162);12.98;
l16;43063;42275;6.91;0.37;3;(7.7707996885590065, 98.07743916880791);12.98;