# line-id; start_node_id; end_node_id; start_time; duration; frequency; co-ordinates, length
l1;162590;162679;7.0;0.43;3;(180.04890034404184, 13.634593468860919);15.1;
l2;162679;162590;6.58;0.43;3;(18.065338013931413, 186.21774587663958);15.1;
l3;161501;162279;7.0;0.41;3;(199.74112003435295, 152.1418685537841);14.51;
l4;162279;161501;6.58;0.41;3;(5.045266959841732, 63.34548991756377);14.51;
l5;161550;162268;7.0;0.4;1;(141.91708970291424, 6.799754381644225);14.09;
l6;162268;161550;7.25;0.4;1;(65.35655115615971, 192.18274985187614);14.09;
l7;162435;162964;7.25;0.38;1;(184.24797507570773, 30.541130261348215);13.42;
l8;162964;162435;7.5;0.38;1;(4.328244235790289, 172.9285949462186);13.42;
l9;162498;162809;7.0;0.39;2;(33.83105216241868, 18.194269925422734);13.73;
l10;162809;162498;6.75;0.39;2;(153.8580242441124, 184.1121914083722);13.73;
l11;162279;162494;7.33;0.39;2;(5.045266959841732, 63.34548991756377);13.69;
l12;162494;162279;7.08;0.39;2;(186.04916488381383, 128.036188724385);13.69;
l13;162326;162091;7.0;0.39;1;(92.78412313411586, 4.546519508925152);13.57;
l14;162091;162326;7.25;0.39;1;(92.57384946611113, 192.02798465173476);13.57;
l15;162879;162494;7.25;0.39;1;(16.196389321847466, 63.76414458411552);13.52;
l16;162494;162879;7.5;0.39;1;(186.04916488381383, 128.036188724385);13.52;