# line-id; start_node_id; end_node_id; start_time; duration; frequency; co-ordinates, length
l1;30809;31477;7.33;0.46;2;(153.3708103159034, 184.76032583062255);16.12;
l2;31477;30809;7.08;0.46;2;(49.502349573617394, 19.36752244357358);16.12;
l3;31254;31352;7.33;0.45;2;(160.30568416911092, 178.02741192070206);15.86;
l4;31352;31254;7.08;0.45;2;(45.09995038699654, 20.405713375687956);15.86;
l5;32247;31217;7.25;0.45;1;(181.8264845965342, 197.34718218427363);15.86;
l6;31217;32247;7.5;0.45;1;(22.06782481864852, 24.224305383510902);15.86;
l7;30644;31276;7.0;0.43;1;(2.081828160408115, 155.5466186881438);15.05;
l8;31276;30644;7.25;0.43;1;(198.85891051260296, 47.8079244077127);15.05;
l9;31716;30912;7.25;0.4;1;(171.6616184686687, 14.988058712148707);14.04;
l10;30912;31716;7.5;0.4;1;(48.257164705494205, 181.36129916614576);14.04;
l11;31882;31863;7.33;0.4;1;(197.144473412991, 147.13183407695476);13.86;
l12;31863;31882;7.58;0.4;1;(12.726547296308697, 52.26463958506396);13.86;
l13;31157;30876;7.0;0.35;1;(163.75987708324277, 164.05451259846166);12.14;
l14;30876;31157;7.25;0.35;1;(44.990936653321256, 35.837797299942274);12.14;
l15;31380;31080;7.0;0.37;1;(189.80950138822763, 122.87534604837482);12.88;
l16;31080;31380;7.25;0.37;1;(0.9058480632580952, 84.22811732676513);12.88;