# line-id; start_node_id; end_node_id; start_time; duration; frequency; co-ordinates, length
l1;12021;12463;7.0;0.49;2;(195.0002581836351, 176.5388733619134);16.98;
l2;12463;12021;6.75;0.49;2;(11.578736569658362, 35.028129337802845);16.98;
l3;12264;12536;7.0;0.44;2;(164.47690343549158, 5.143215828085645);15.41;
l4;12536;12264;6.75;0.44;2;(26.631575829658033, 182.3413119873257);15.41;
l5;11851;12463;7.0;0.46;1;(181.06561288805344, 182.4592380301014);16.23;
l6;12463;11851;7.25;0.46;1;(11.578736569658362, 35.028129337802845);16.23;
l7;11677;12094;7.25;0.42;1;(195.21751688082395, 30.68406053593995);14.55;
l8;12094;11677;7.5;0.42;1;(19.752583705688927, 162.02268358548267);14.55;
l9;12015;12874;7.0;0.39;1;(158.77842017852277, 191.22115279696152);13.76;
l10;12874;12015;7.25;0.39;1;(46.244446474591975, 23.39334532954878);13.76;
l11;13118;12874;7.33;0.37;1;(163.22730405722578, 190.5923152243001);12.84;
l12;12874;13118;7.58;0.37;1;(46.244446474591975, 23.39334532954878);12.84;
l13;13012;12281;7.25;0.4;1;(199.92177886849748, 113.80286069576522);13.98;
l14;12281;13012;7.5;0.4;1;(12.133838999472077, 87.76760512735945);13.98;
l15;13088;12125;7.25;0.35;1;(120.3374405414426, 199.93771290344816);12.25;
l16;12125;13088;7.5;0.35;1;(77.56821723634317, 13.708397497574492);12.25;