# line-id; start_node_id; end_node_id; start_time; duration; frequency; co-ordinates, length
l1;24620;23362;7.0;0.48;1;(1.7619908981253956, 182.0812351991433);16.63;
l2;23362;24620;7.25;0.48;1;(179.95683962740068, 16.257759565027524);16.63;
l3;24968;24359;7.0;0.44;1;(188.65524827272165, 191.80376669099948);15.3;
l4;24359;24968;7.25;0.44;1;(29.643137572678107, 33.02438849632121);15.3;
l5;24547;24263;7.33;0.41;1;(5.87810577475436, 158.56587404676947);14.45;
l6;24263;24547;7.58;0.41;1;(190.85593760394295, 46.02335548581675);14.45;
l7;23594;24662;7.33;0.43;1;(8.489416049828096, 50.94787759908243);15.15;
l8;24662;23594;7.58;0.43;1;(197.27335280790828, 151.72352910844504);15.15;
l9;23368;24703;7.25;0.37;2;(115.9746232997416, 3.165163462486574);13.05;
l10;24703;23368;7.0;0.37;2;(97.4775600132754, 193.22480123530497);13.05;
l11;23912;23800;7.25;0.36;2;(157.99718246998685, 185.61542469607355);12.76;
l12;23800;23912;7.0;0.36;2;(48.5343194584449, 27.21105959152935);12.76;
l13;23518;24758;7.25;0.36;3;(153.3937096430354, 189.01333372844792);12.43;
l14;24758;23518;6.83;0.36;3;(56.543470804054024, 23.75176713511901);12.43;
l15;24198;23800;7.25;0.36;3;(154.55574834354871, 170.877259125356);12.43;
l16;23800;24198;6.83;0.36;3;(48.5343194584449, 27.21105959152935);12.43;