# line-id; start_node_id; end_node_id; start_time; duration; frequency; co-ordinates, length
l1;101544;98938;7.0;0.53;3;(197.96721404387222, 175.76204845920503);18.41;
l2;98938;101544;6.58;0.53;3;(8.095384637791188, 20.087907629566086);18.41;
l3;99569;100292;7.0;0.46;3;(181.18100431925058, 19.460562011663743);16.21;
l4;100292;99569;6.58;0.46;3;(18.080752482665872, 178.0713036311661);16.21;
l5;101143;100363;7.25;0.46;1;(25.79226478530283, 4.584758446919745);16.16;
l6;100363;101143;7.5;0.46;1;(155.56215895056928, 181.45771403089176);16.16;
l7;100700;100706;7.25;0.45;1;(158.8926371776249, 12.121056020812022);15.79;
l8;100706;100700;7.5;0.45;1;(41.37106033628788, 193.45224445567888);15.79;
l9;99243;100802;7.33;0.48;3;(3.9621627709957874, 54.57457332306123);16.87;
l10;100802;99243;6.91;0.48;3;(192.30087427898079, 142.37441251124997);16.87;
l11;101077;101405;7.33;0.42;3;(52.395384540228, 1.6245038796120443);14.81;
l12;101405;101077;6.91;0.42;3;(142.146926049912, 196.70679206486318);14.81;
l13;99111;99219;7.33;0.47;2;(191.90128855071993, 30.367936142600275);16.52;
l14;99219;99111;7.08;0.47;2;(6.5188565484789605, 168.9887934313033);16.52;
l15;101088;99243;7.33;0.47;2;(197.3885158453595, 136.96077289325578);16.42;
l16;99243;101088;7.08;0.47;2;(3.9621627709957874, 54.57457332306123);16.42;
l17;100987;99589;7.33;0.43;1;(130.33220925489837, 8.130256685255121);15.04;
l18;99589;100987;7.58;0.43;1;(77.14375345824878, 198.9413357023846);15.04;
l19;101282;101706;7.25;0.47;1;(188.07583351947895, 26.673646644883917);16.44;
l20;101706;101282;7.5;0.47;1;(7.11215910109839, 172.3763879230262);16.44;
l21;99032;100104;7.0;0.44;2;(198.16071628313344, 116.17436538847);15.36;
l22;100104;99032;6.75;0.44;2;(11.376825747734607, 93.2197894906578);15.36;
l23;101441;100696;7.25;0.4;2;(50.612852353080214, 8.794887819649787);13.95;
l24;100696;101441;7.0;0.4;2;(148.34081236673205, 188.71968653102516);13.95;