# line-id; start_node_id; end_node_id; start_time; duration; frequency; co-ordinates, length
l1;11146;10212;7.33;0.45;2;(0.44730270585016507, 179.71828232665573);15.59;
l2;10212;11146;7.08;0.45;2;(185.9195794123592, 32.58394163461696);15.59;
l3;10854;10769;7.0;0.4;2;(116.4114138314868, 195.72757295274647);13.91;
l4;10769;10854;6.75;0.4;2;(75.2114091217574, 3.609826444188656);13.91;
l5;11214;11547;7.25;0.39;1;(2.619270457410883, 136.47428852156975);13.81;
l6;11547;11214;7.5;0.39;1;(191.3797562718276, 61.69837131108382);13.81;
l7;10714;10238;7.33;0.39;1;(138.54588116937165, 2.299867189649009);13.53;
l8;10238;10714;7.58;0.39;1;(78.4599534253085, 195.53753728275666);13.53;
l9;10550;10963;7.0;0.41;1;(33.05637636243844, 12.842079813227821);14.21;
l10;10963;10550;7.25;0.41;1;(160.9555180853477, 180.53080216774686);14.21;
l11;10238;10772;7.33;0.39;1;(78.4599534253085, 195.53753728275666);13.66;
l12;10772;10238;7.58;0.39;1;(119.40174893101762, 6.06434024302313);13.66;
l13;11547;11149;7.33;0.4;1;(191.3797562718276, 61.69837131108382);13.87;
l14;11149;11547;7.58;0.4;1;(6.476322196942649, 139.72055360560185);13.87;
l15;10776;11636;7.0;0.36;1;(9.715926412380286, 26.84438801070941);12.74;
l16;11636;10776;7.25;0.36;1;(188.76403287893956, 163.44825681560096);12.74;