# line-id; start_node_id; end_node_id; start_time; duration; frequency; co-ordinates, length
l1;129837;130637;7.0;0.45;2;(196.3752383043223, 167.09134883844726);15.72;
l2;130637;129837;6.75;0.45;2;(9.820944132601337, 49.1589626971006);15.72;
l3;129760;129530;7.25;0.4;2;(147.60177876829073, 4.591741013575064);13.94;
l4;129530;129760;7.0;0.4;2;(60.34948735210576, 181.1321486248028);13.94;
l5;129026;129667;7.33;0.4;1;(25.649708920191483, 176.03067341020335);13.83;
l6;129667;129026;7.58;0.4;1;(165.7468026746131, 38.95237992986969);13.83;
l7;129415;129957;7.25;0.39;1;(154.19135661322173, 177.1529670798067);13.61;
l8;129957;129415;7.5;0.39;1;(43.59893584367219, 19.04409588888594);13.61;
l9;129957;129415;7.25;0.39;1;(43.59893584367219, 19.04409588888594);13.75;
l10;129415;129957;7.5;0.39;1;(154.19135661322173, 177.1529670798067);13.75;
l11;129049;129421;7.0;0.37;1;(4.740337964774337, 80.51438867585956);13.09;
l12;129421;129049;7.25;0.37;1;(190.56179850375577, 125.64363005289728);13.09;
l13;129013;129582;7.33;0.35;1;(7.385142086952776, 119.1197299974934);12.32;
l14;129582;129013;7.58;0.35;1;(184.4773244261691, 90.98836245436213);12.32;
l15;129361;129002;7.25;0.35;1;(5.550808917033094, 90.4313280288944);12.39;
l16;129002;129361;7.5;0.35;1;(187.61982726598927, 110.77659769457134);12.39;