# line-id; start_node_id; end_node_id; start_time; duration; frequency; co-ordinates, length
l1;58729;57396;7.33;0.46;2;(11.72568750275835, 196.18805427384873);15.97;
l2;57396;58729;7.08;0.46;2;(178.15950387187945, 15.373524363121732);15.97;
l3;58131;58503;7.0;0.44;2;(171.41074276569512, 10.489761752010939);15.44;
l4;58503;58131;6.75;0.44;2;(23.24175242941468, 179.28046043739303);15.44;
l5;58825;58873;7.25;0.39;1;(198.68633074340994, 61.27626813777355);13.77;
l6;58873;58825;7.5;0.39;1;(5.63568108388038, 127.82821554361504);13.77;
l7;58751;58825;7.33;0.39;1;(17.655411122958803, 136.16551871125696);13.67;
l8;58825;58751;7.58;0.39;1;(198.68633074340994, 61.27626813777355);13.67;
l9;58644;58764;7.0;0.4;1;(162.40716332383062, 191.21303100421395);13.93;
l10;58764;58644;7.25;0.4;1;(22.186023159205963, 27.484347033304527);13.93;
l11;57891;58764;7.0;0.39;1;(174.49884591174998, 180.7974638324887);13.5;
l12;58764;57891;7.25;0.39;1;(22.186023159205963, 27.484347033304527);13.5;
l13;57736;58764;7.0;0.38;1;(189.78382409818167, 173.3018105866074);13.46;
l14;58764;57736;7.25;0.38;1;(22.186023159205963, 27.484347033304527);13.46;
l15;57409;57701;7.0;0.37;1;(121.82335841094554, 0.6038118897486541);12.98;
l16;57701;57409;7.25;0.37;1;(83.80617310225887, 184.38240225828739);12.98;