# line-id; start_node_id; end_node_id; start_time; duration; frequency; co-ordinates, length
l1;30862;31183;7.25;0.47;1;(30.225835076097407, 199.02985298234478);16.37;
l2;31183;30862;7.5;0.47;1;(176.2863436187652, 4.984673771706651);16.37;
l3;30435;30808;7.0;0.45;1;(5.858930026438526, 30.881479557645193);15.8;
l4;30808;30435;7.25;0.45;1;(187.61014216976668, 159.8829819883048);15.8;
l5;30808;31097;7.0;0.45;3;(187.61014216976668, 159.8829819883048);15.66;
l6;31097;30808;6.58;0.45;3;(10.518181399117253, 30.820314698431257);15.66;
l7;31108;31714;7.33;0.38;3;(172.28988899164295, 182.47091771985274);13.3;
l8;31714;31108;6.91;0.38;3;(38.258069621655395, 26.342449867846017);13.3;
l9;31098;30120;7.33;0.36;1;(34.88758444130143, 29.718712292705927);12.62;
l10;30120;31098;7.58;0.36;1;(165.67092479685337, 166.88032874163886);12.62;
l11;30104;31761;7.25;0.35;1;(9.504463342583005, 156.31454293104034);12.28;
l12;31761;30104;7.5;0.35;1;(187.66596222120523, 46.43971549007354);12.28;
l13;31765;31761;7.33;0.35;1;(18.64924299866423, 163.6826003903501);12.15;
l14;31761;31765;7.58;0.35;1;(187.66596222120523, 46.43971549007354);12.15;
l15;30732;31145;7.25;0.35;1;(90.07108331296931, 1.951268721830642);12.11;
l16;31145;30732;7.5;0.35;1;(95.25521111071531, 188.7044330834971);12.11;