# line-id; start_node_id; end_node_id; start_time; duration; frequency; co-ordinates, length
l1;117217;118112;7.25;0.43;1;(182.8055636927854, 184.18256249719462);15.12;
l2;118112;117217;7.5;0.43;1;(28.303284289786653, 23.352371003029436);15.12;
l3;118546;117278;7.33;0.42;1;(185.45177819646688, 18.2816038134628);14.66;
l4;117278;118546;7.58;0.42;1;(33.97123173582139, 170.07732122571707);14.66;
l5;118551;118156;7.33;0.41;2;(167.2269214781508, 11.336692958791263);14.43;
l6;118156;118551;7.08;0.41;2;(50.32762751687246, 190.50621716216443);14.43;
l7;117280;118441;7.0;0.41;2;(189.93776053623503, 164.88477811031498);14.21;
l8;118441;117280;6.75;0.41;2;(14.63886451718822, 37.662876319195576);14.21;
l9;118235;117793;7.0;0.37;1;(3.8465178894710004, 88.68428208417086);13.03;
l10;117793;118235;7.25;0.37;1;(195.09893346236808, 111.80825988621979);13.03;
l11;118646;117324;7.0;0.36;1;(197.70295675214015, 34.64272082428993);12.56;
l12;117324;118646;7.25;0.36;1;(22.11649650894639, 153.13516987651496);12.56;
l13;117940;118759;7.25;0.37;1;(92.65579761379774, 198.79914477768338);13.11;
l14;118759;117940;7.5;0.37;1;(88.62851913322234, 2.162850151482575);13.11;
l15;117374;118105;7.33;0.4;1;(10.122566457641074, 59.85316970667652);13.84;
l16;118105;117374;7.58;0.4;1;(194.13392264774362, 146.1138326289228);13.84;