# line-id; start_node_id; end_node_id; start_time; duration; frequency; co-ordinates, length
l1;133095;133416;7.0;0.45;1;(24.249672489180195, 181.49685196895524);15.85;
l2;133416;133095;7.25;0.45;1;(174.86960646318607, 6.526140563735498);15.85;
l3;133509;132461;7.25;0.41;1;(36.23810727621446, 3.358064890424317);14.38;
l4;132461;133509;7.5;0.41;1;(160.60519855021013, 195.26731346736645);14.38;
l5;133512;133509;7.33;0.4;1;(172.83832807997643, 183.94809626154083);13.94;
l6;133509;133512;7.58;0.4;1;(36.23810727621446, 3.358064890424317);13.94;
l7;134097;133509;7.25;0.39;1;(163.19941188830757, 187.74479863679412);13.64;
l8;133509;134097;7.5;0.39;1;(36.23810727621446, 3.358064890424317);13.64;
l9;133002;133512;7.25;0.38;2;(7.218348736687806, 29.45902488479769);13.27;
l10;133512;133002;7.0;0.38;2;(172.83832807997643, 183.94809626154083);13.27;
l11;133796;132824;7.0;0.38;2;(61.33284744525722, 2.05196056927085);13.27;
l12;132824;133796;6.75;0.38;2;(124.94750962734965, 187.90767450084982);13.27;
l13;133088;132500;7.0;0.39;1;(143.76708229741809, 11.251209797189318);13.77;
l14;132500;133088;7.25;0.39;1;(73.07806821310749, 187.0824743926783);13.77;
l15;132607;134069;7.0;0.39;1;(5.1972842777033295, 91.48751376365553);13.58;
l16;134069;132607;7.25;0.39;1;(192.09323077229982, 119.0486587571508);13.58;