# line-id; start_node_id; end_node_id; start_time; duration; frequency; co-ordinates, length
l1;4611;3908;7.25;0.4;1;(22.71781105459562, 180.95138995009208);14.02;
l2;3908;4611;7.5;0.4;1;(170.51000377317314, 27.92766196418559);14.02;
l3;3951;3585;7.0;0.41;1;(16.9023896496939, 168.35720200901514);14.43;
l4;3585;3951;7.25;0.41;1;(174.61176857011006, 36.60496773739567);14.43;
l5;3865;3800;7.0;0.4;2;(18.836067152404162, 30.995151798934657);13.91;
l6;3800;3865;6.75;0.4;2;(194.1244738759148, 148.17517056337283);13.91;
l7;4197;4877;7.0;0.42;2;(68.89879176128929, 6.919023964497236);14.55;
l8;4877;4197;6.75;0.42;2;(130.4989082902857, 195.74015618576135);14.55;
l9;4780;4348;7.33;0.41;2;(45.87746217674928, 9.672684181953098);14.52;
l10;4348;4780;7.08;0.41;2;(136.17096284421123, 181.52332780550802);14.52;
l11;3411;3445;7.0;0.41;2;(32.77168979685753, 13.964601039948946);14.42;
l12;3445;3411;6.75;0.41;2;(146.8122444610446, 171.19592803492097);14.42;
l13;3508;3352;7.33;0.42;3;(3.608316509236944, 139.42928160816993);14.6;
l14;3352;3508;6.91;0.42;3;(191.9437981355089, 66.11947593722911);14.6;
l15;4166;4106;7.0;0.37;3;(144.98219773273797, 8.443743654365786);12.78;
l16;4106;4166;6.58;0.37;3;(49.79761566493347, 190.9466153005201);12.78;