# line-id; start_node_id; end_node_id; start_time; duration; frequency; co-ordinates, length
l1;47566;48445;7.33;0.41;1;(163.54544379484133, 7.20563341892761);14.23;
l2;48445;47566;7.58;0.41;1;(47.403254560502596, 186.18089682750082);14.23;
l3;48113;48062;7.0;0.41;1;(176.79749019866722, 22.979282683771686);14.47;
l4;48062;48113;7.25;0.41;1;(27.060390559812788, 162.1402589494201);14.47;
l5;47973;47765;7.33;0.41;2;(194.3644496172453, 79.09848247998045);14.26;
l6;47765;47973;7.08;0.41;2;(9.466215376045218, 113.27389646504771);14.26;
l7;48099;47783;7.0;0.39;2;(4.222888955619422, 44.77544659786594);13.52;
l8;47783;48099;6.75;0.39;2;(181.49528391843526, 147.1535678197892);13.52;
l9;47576;48913;7.25;0.37;1;(193.21486767160778, 136.26900487589361);13.09;
l10;48913;47576;7.5;0.37;1;(17.40187737410902, 62.032580749504916);13.09;
l11;48450;47901;7.25;0.37;1;(5.804841115643416, 90.81238638995465);13.09;
l12;47901;48450;7.5;0.37;1;(194.66434534880463, 112.67510711539413);13.09;
l13;47907;47915;7.0;0.36;3;(85.1595592522643, 2.96015899988581);12.59;
l14;47915;47907;6.58;0.36;3;(105.72142821674238, 193.75883482508038);12.59;
l15;48250;47915;7.33;0.37;3;(96.6323827414959, 0.4944174199023752);12.8;
l16;47915;48250;6.91;0.37;3;(105.72142821674238, 193.75883482508038);12.8;