# line-id; start_node_id; end_node_id; start_time; duration; frequency; co-ordinates, length
l1;149553;148896;7.33;0.46;1;(196.70595791243804, 35.10746543847541);16.04;
l2;148896;149553;7.58;0.46;1;(8.457762202506528, 152.85685878233724);16.04;
l3;148234;148267;7.33;0.42;1;(177.65594020717708, 19.60298937118489);14.76;
l4;148267;148234;7.58;0.42;1;(21.713088480716014, 162.37215397179034);14.76;
l5;148586;148865;7.33;0.43;1;(20.95891328772393, 36.880333165704705);14.97;
l6;148865;148586;7.58;0.43;1;(177.28448652694092, 170.61505939364744);14.97;
l7;149740;148932;7.0;0.42;1;(157.8818510582836, 191.82884280708376);14.61;
l8;148932;149740;7.25;0.42;1;(51.54641914185807, 20.830940621577756);14.61;
l9;148499;148735;7.0;0.38;1;(123.18854222000503, 5.904807887782702);13.15;
l10;148735;148499;7.25;0.38;1;(64.5265364911164, 195.98779677627033);13.15;
l11;149317;148876;7.0;0.37;1;(2.378897566020874, 51.16079072101816);12.93;
l12;148876;149317;7.25;0.37;1;(197.16870488170125, 130.0670445170137);12.93;
l13;149625;149161;7.33;0.37;2;(99.66858892168726, 197.0284614767961);13.02;
l14;149161;149625;7.08;0.37;2;(103.36379526535885, 10.731732980778672);13.02;
l15;148294;148433;7.0;0.36;2;(196.52930489903213, 95.8865668972173);12.74;
l16;148433;148294;6.75;0.36;2;(6.336317839172085, 100.01469411084531);12.74;