# line-id; start_node_id; end_node_id; start_time; duration; frequency; co-ordinates, length
l1;121868;122830;7.0;0.56;2;(199.96753274230994, 197.31063638913494);19.49;
l2;122830;121868;6.75;0.56;2;(18.201593998724423, 26.936158431043406);19.49;
l3;124011;124398;7.25;0.56;2;(24.823034299844295, 196.8657423886609);19.73;
l4;124398;124011;7.0;0.56;2;(171.38242398424882, 3.7611478990352345);19.73;
l5;123108;123017;7.0;0.5;2;(2.6089171653313823, 35.22399319498403);17.61;
l6;123017;123108;6.75;0.5;2;(178.99248480377156, 165.00165030489845);17.61;
l7;123362;123525;7.0;0.51;2;(179.6929140254983, 29.508891921633957);18.01;
l8;123525;123362;6.75;0.51;2;(17.908506429262133, 174.25694718103935);18.01;
l9;124509;121808;7.0;0.49;3;(183.63697795337245, 35.012814564248885);17.22;
l10;121808;124509;6.58;0.49;3;(21.260163578839634, 166.07792399321167);17.22;
l11;121808;123362;7.0;0.47;3;(21.260163578839634, 166.07792399321167);16.61;
l12;123362;121808;6.58;0.47;3;(179.6929140254983, 29.508891921633957);16.61;
l13;123789;122942;7.33;0.45;1;(138.2302575287357, 199.0400826934046);15.63;
l14;122942;123789;7.58;0.45;1;(65.93594678280074, 6.561572704769624);15.63;
l15;122395;123941;7.33;0.46;1;(152.16289085134287, 188.93947357475363);16.12;
l16;123941;122395;7.58;0.46;1;(50.47073996836441, 13.904647768047193);16.12;
l17;122256;122524;7.33;0.46;1;(194.8719762856494, 53.97667896417385);16.03;
l18;122524;122256;7.58;0.46;1;(17.95971039392373, 143.5415280390023);16.03;
l19;122119;121979;7.25;0.48;1;(42.86273501009408, 20.496733672984657);16.65;
l20;121979;122119;7.5;0.48;1;(152.88617030885598, 183.90321078337755);16.65;
l21;122908;122524;7.25;0.42;2;(192.7544222865626, 63.3329281778524);14.53;
l22;122524;122908;7.0;0.42;2;(17.95971039392373, 143.5415280390023);14.53;
l23;123997;123224;7.0;0.42;2;(132.38289595656957, 3.2369826834950253);14.85;
l24;123224;123997;6.75;0.42;2;(62.62963146146299, 187.4497525987199);14.85;