# line-id; start_node_id; end_node_id; start_time; duration; frequency; co-ordinates, length
l1;6651;6238;7.0;0.42;2;(198.33106335908397, 68.89297714280768);14.57;
l2;6238;6651;6.75;0.42;2;(9.424164013166857, 120.10383123473116);14.57;
l3;5922;5283;7.33;0.4;2;(197.5873788138069, 51.06126184662802);13.96;
l4;5283;5922;7.08;0.4;2;(21.702225668470312, 156.5920119330684);13.96;
l5;5023;5549;7.33;0.42;3;(158.48629943016408, 187.20257847182404);14.86;
l6;5549;5023;6.91;0.42;3;(30.658662056135896, 17.096482396313224);14.86;
l7;5042;6022;7.25;0.39;3;(199.6891457497922, 130.48123057946538);13.58;
l8;6022;5042;6.83;0.39;3;(4.034864190903611, 58.13265536710431);13.58;
l9;5696;5916;7.33;0.4;1;(195.8397460405411, 111.95877492939587);13.91;
l10;5916;5696;7.58;0.4;1;(8.366044983919389, 93.58498609748408);13.91;
l11;5275;6161;7.0;0.39;1;(121.29423592167751, 196.63012190584584);13.59;
l12;6161;5275;7.25;0.39;1;(88.93714720390274, 6.244101267890436);13.59;
l13;6355;6482;7.33;0.39;1;(26.869461493992233, 18.267862519770336);13.66;
l14;6482;6355;7.58;0.39;1;(171.44006917115675, 170.06787201567778);13.66;
l15;5283;6462;7.33;0.36;1;(21.702225668470312, 156.5920119330684);12.51;
l16;6462;5283;7.58;0.36;1;(165.74781604122498, 51.21102171300173);12.51;