# line-id; start_node_id; end_node_id; start_time; duration; frequency; co-ordinates, length
l1;51325;51528;7.0;0.47;2;(177.0747474709021, 6.160854134901536);16.54;
l2;51528;51325;6.75;0.47;2;(21.81619799851063, 191.69291491264227);16.54;
l3;51619;52041;7.0;0.46;2;(13.0935622184008, 17.872068446277325);16.0;
l4;52041;51619;6.75;0.46;2;(188.37403203524124, 176.57268127139386);16.0;
l5;52046;51821;7.33;0.41;2;(195.07627040684892, 147.9036864867317);14.25;
l6;51821;52046;7.08;0.41;2;(3.003748412113303, 48.5217218289982);14.25;
l7;51857;50972;7.33;0.4;2;(196.7134265590847, 34.950356865435324);14.01;
l8;50972;51857;7.08;0.4;2;(6.770066468078441, 144.6365660596387);14.01;
l9;50756;51443;7.25;0.39;2;(60.993197566674596, 192.0078617821531);13.77;
l10;51443;50756;7.0;0.39;2;(137.68833570063012, 8.69871164682039);13.77;
l11;51739;52328;7.33;0.37;2;(3.0546645357328677, 68.3604023107867);12.79;
l12;52328;51739;7.08;0.37;2;(190.61254625709236, 135.321043234597);12.79;
l13;51262;51485;7.33;0.36;3;(76.40079110513955, 190.79818720916614);12.67;
l14;51485;51262;6.91;0.36;3;(122.92277233600292, 6.92683828129412);12.67;
l15;52144;52443;7.33;0.36;3;(3.8810692499666186, 84.0834821320882);12.63;
l16;52443;52144;6.91;0.36;3;(186.01731278418745, 125.62434403760017);12.63;