# line-id; start_node_id; end_node_id; start_time; duration; frequency; co-ordinates, length
l1;27672;27757;7.33;0.43;3;(11.35033127701668, 19.07458002940058);15.19;
l2;27757;27672;6.91;0.43;3;(183.73072304911273, 163.98053782636327);15.19;
l3;26980;28235;7.0;0.4;3;(57.22909384468103, 197.62936854202758);13.98;
l4;28235;26980;6.58;0.4;3;(151.29017945983657, 12.732958537146382);13.98;
l5;28296;26969;7.33;0.42;1;(23.473320521604382, 19.75353801161165);14.7;
l6;26969;28296;7.58;0.42;1;(171.9912626728023, 164.8925578070422);14.7;
l7;26990;27324;7.25;0.37;1;(27.959856332755674, 16.899795053321174);12.98;
l8;27324;26990;7.5;0.37;1;(163.00519604581777, 170.46352754790126);12.98;
l9;26847;26987;7.25;0.39;1;(163.477906823484, 26.649271379094202);13.67;
l10;26987;26847;7.5;0.39;1;(40.18855385074846, 167.8368311835417);13.67;
l11;26991;27476;7.25;0.37;1;(37.43182883128791, 12.120901308558475);12.96;
l12;27476;26991;7.5;0.37;1;(148.2498287346037, 178.91655641722022);12.96;
l13;27446;27505;7.0;0.37;1;(175.15768430429077, 41.87841033033862);13.06;
l14;27505;27446;7.25;0.37;1;(34.175164218464026, 154.45413944811887);13.06;
l15;28316;28353;7.33;0.36;1;(96.06088334569006, 196.21163828545383);12.58;
l16;28353;28316;7.58;0.36;1;(102.15814671928325, 12.385360699229807);12.58;