# line-id; start_node_id; end_node_id; start_time; duration; frequency; co-ordinates, length
l1;35233;34127;7.0;0.43;1;(191.32747742045476, 37.38245181036841);15.1;
l2;34127;35233;7.25;0.43;1;(17.55742003143071, 159.9268774379336);15.1;
l3;35344;34045;7.33;0.42;1;(111.0287803431022, 0.6682482336846112);14.56;
l4;34045;35344;7.58;0.42;1;(101.03751257909805, 196.18159517144258);14.56;
l5;34276;34645;7.0;0.38;1;(34.25662646657554, 182.98592787617378);13.18;
l6;34645;34276;7.25;0.38;1;(169.64981512571035, 20.33237741659871);13.18;
l7;34127;34850;7.25;0.38;1;(17.55742003143071, 159.9268774379336);13.18;
l8;34850;34127;7.5;0.38;1;(180.04229677403916, 43.92461037626586);13.18;
l9;34693;35344;7.33;0.4;1;(107.72680021339077, 190.23363410472044);13.99;
l10;35344;34693;7.58;0.4;1;(111.0287803431022, 0.6682482336846112);13.99;
l11;35204;35036;7.25;0.39;1;(3.639220733721355, 55.045844155612556);13.58;
l12;35036;35204;7.5;0.39;1;(179.58720091559624, 149.69559125238993);13.58;
l13;35351;34276;7.0;0.39;2;(155.5935203208062, 4.233937721661359);13.82;
l14;34276;35351;6.75;0.39;2;(34.25662646657554, 182.98592787617378);13.82;
l15;34639;35481;7.25;0.37;2;(181.1871829784852, 183.12473135767294);13.04;
l16;35481;34639;7.0;0.37;2;(35.32232531085587, 22.79135012974131);13.04;