# line-id; start_node_id; end_node_id; start_time; duration; frequency; co-ordinates, length
l1;160813;161389;7.33;0.45;2;(3.281226877123845, 37.9664639511257);15.63;
l2;161389;160813;7.08;0.45;2;(191.84955416501128, 156.12863925266183);15.63;
l3;160200;161221;7.33;0.45;2;(19.100318082171732, 194.21616212096652);15.71;
l4;161221;160200;7.08;0.45;2;(168.5885734446101, 29.414523537626316);15.71;
l5;161018;161389;7.25;0.45;1;(18.55137452986953, 34.06536094147756);15.61;
l6;161389;161018;7.5;0.45;1;(191.84955416501128, 156.12863925266183);15.61;
l7;159855;160079;7.0;0.43;1;(48.319520337694144, 196.3702454646571);14.99;
l8;160079;159855;7.25;0.43;1;(153.97141319424736, 0.8433734545558618);14.99;
l9;160698;159829;7.33;0.43;3;(20.740345501707157, 21.907204796045903);15.03;
l10;159829;160698;6.91;0.43;3;(159.73657429109826, 168.36375563039405);15.03;
l11;161482;160258;7.0;0.44;3;(154.88506268501573, 199.06732007369686);15.29;
l12;160258;161482;6.58;0.44;3;(43.19170458108413, 16.950318630122784);15.29;
l13;160440;159829;7.0;0.42;2;(30.33133544135401, 22.622407241140383);14.8;
l14;159829;160440;6.75;0.42;2;(159.73657429109826, 168.36375563039405);14.8;
l15;160311;161425;7.0;0.4;2;(4.1633422920676155, 141.97115580789546);14.13;
l16;161425;160311;6.75;0.4;2;(196.7254341696019, 65.42764810700507);14.13;