# line-id; start_node_id; end_node_id; start_time; duration; frequency; co-ordinates, length
l1;50121;49262;7.0;0.47;2;(3.5211276868684314, 181.60152860684025);16.28;
l2;49262;50121;6.75;0.47;2;(172.13859077665967, 20.17340799967322);16.28;
l3;49842;49488;7.33;0.44;2;(196.04970330511773, 162.2288807659784);15.47;
l4;49488;49842;7.08;0.44;2;(6.306015083500183, 40.96290942533344);15.47;
l5;49771;50053;7.0;0.43;1;(167.4838603700071, 9.725145182127793);14.88;
l6;50053;49771;7.25;0.43;1;(33.61473663653689, 177.0149336005703);14.88;
l7;49929;48983;7.25;0.41;1;(163.513161549045, 196.57723692180065);14.28;
l8;48983;49929;7.5;0.41;1;(43.06652119869475, 12.730234006841727);14.28;
l9;49837;49942;7.33;0.4;1;(73.8591651208413, 196.80748266396583);14.17;
l10;49942;49837;7.58;0.4;1;(123.86179387084768, 11.984359736157346);14.17;
l11;49943;50404;7.25;0.39;1;(198.08035965126976, 122.09694220849035);13.61;
l12;50404;49943;7.5;0.39;1;(5.61487413795001, 81.65071503862326);13.61;
l13;49705;49419;7.25;0.38;1;(95.03762686144572, 0.13064199908960572);13.23;
l14;49419;49705;7.5;0.38;1;(102.0905209897122, 187.54085766677588);13.23;
l15;49776;49275;7.33;0.36;1;(0.4384170378263341, 98.21723723269409);12.65;
l16;49275;49776;7.58;0.36;1;(187.88618951524538, 108.94507092861645);12.65;