# line-id; start_node_id; end_node_id; start_time; duration; frequency; co-ordinates, length
l1;10886;10929;7.0;0.51;1;(7.355826486008799, 170.81399363023618);17.81;
l2;10929;10886;7.25;0.51;1;(194.38208042276435, 29.617455558724615);17.81;
l3;11778;11774;7.25;0.46;1;(17.86278648295789, 31.126282482036867);16.16;
l4;11774;11778;7.5;0.46;1;(179.9691236176082, 182.70077437655837);16.16;
l5;11212;11155;7.25;0.46;3;(157.61566671607665, 198.0597267692141);15.99;
l6;11155;11212;6.83;0.46;3;(51.32241669571463, 3.314666882147205);15.99;
l7;11646;11523;7.33;0.48;3;(13.976074349566066, 183.82281623099203);16.8;
l8;11523;11646;6.91;0.48;3;(177.20630253512087, 28.63736046272131);16.8;
l9;11463;10913;7.33;0.44;1;(28.74214015034208, 186.27289990219845);15.38;
l10;10913;11463;7.58;0.44;1;(166.93480817214163, 25.8197659633704);15.38;
l11;11643;11335;7.33;0.45;1;(194.5957330873871, 55.142632858439036);15.66;
l12;11335;11643;7.58;0.45;1;(12.39180688270334, 149.8495968985983);15.66;
l13;10873;10913;7.25;0.43;2;(27.108209505213416, 176.45160756076882);15.19;
l14;10913;10873;7.0;0.43;2;(166.93480817214163, 25.8197659633704);15.19;
l15;10176;10481;7.0;0.4;2;(126.97405574502241, 198.90139356077486);13.83;
l16;10481;10176;6.75;0.4;2;(74.43599888900185, 7.636326106195285);13.83;