# line-id; start_node_id; end_node_id; start_time; duration; frequency; co-ordinates, length
l1;23608;23762;7.33;0.48;3;(4.093633384059376, 17.281403706725012);16.93;
l2;23762;23608;6.91;0.48;3;(185.35460997909814, 178.99456069532974);16.93;
l3;24926;24259;7.33;0.46;3;(199.29233412900302, 139.87212303447748);16.24;
l4;24259;24926;6.91;0.46;3;(7.933845038108652, 54.38793734290473);16.24;
l5;24245;24844;7.25;0.42;1;(159.83308117418127, 199.92422063888398);14.64;
l6;24844;24245;7.5;0.42;1;(50.61097060581046, 1.5959620612264784);14.64;
l7;25030;23882;7.25;0.45;1;(189.3581647625087, 30.19436957419069);15.62;
l8;23882;25030;7.5;0.45;1;(11.332736335799286, 154.462150338274);15.62;
l9;23566;24927;7.0;0.41;2;(166.7819121567367, 11.058444235228562);14.49;
l10;24927;23566;6.75;0.41;2;(48.834925854069, 192.4879419573322);14.49;
l11;24844;24151;7.33;0.39;2;(50.61097060581046, 1.5959620612264784);13.65;
l12;24151;24844;7.08;0.39;2;(146.97881866112465, 189.74537320326866);13.65;
l13;24983;24241;7.0;0.39;1;(50.320105039469446, 197.3685501623741);13.6;
l14;24241;24983;7.25;0.39;1;(133.17750672916276, 12.152102911629024);13.6;
l15;24087;24327;7.0;0.35;1;(171.61433348206648, 40.17010009083136);12.21;
l16;24327;24087;7.25;0.35;1;(27.93201245430663, 155.39081539373004);12.21;