# line-id; start_node_id; end_node_id; start_time; duration; frequency; co-ordinates, length
l1;62698;63611;7.33;0.48;1;(191.24223166367443, 22.84679602873304);16.81;
l2;63611;62698;7.58;0.48;1;(5.035547271552287, 164.85270504902422);16.81;
l3;63278;62499;7.25;0.48;1;(189.8040101649681, 12.746122082839046);16.95;
l4;62499;63278;7.5;0.48;1;(29.247860863899326, 178.11406757095045);16.95;
l5;64015;63808;7.0;0.44;3;(159.1247384491639, 4.4562946144409885);15.47;
l6;63808;64015;6.58;0.44;3;(58.49190320826681, 197.46402591484025);15.47;
l7;63808;63919;7.33;0.41;3;(58.49190320826681, 197.46402591484025);14.3;
l8;63919;63808;6.91;0.41;3;(132.2896097632405, 7.951510532212878);14.3;
l9;63888;63693;7.0;0.4;2;(23.69407947748713, 24.913182738544137);14.17;
l10;63693;63888;6.75;0.4;2;(171.24624508458783, 182.84507383928377);14.17;
l11;63622;63208;7.25;0.4;2;(186.67620985476972, 52.58379192089369);14.13;
l12;63208;63622;7.0;0.4;2;(14.472171989386894, 148.1684815023451);14.13;
l13;62967;63079;7.25;0.39;2;(197.58928042609057, 151.26857607318536);13.78;
l14;63079;62967;7.0;0.39;2;(23.58684068210395, 46.068681966814175);13.78;
l15;63239;63340;7.0;0.39;2;(163.3700746012163, 191.5815141415456);13.82;
l16;63340;63239;6.75;0.39;2;(34.30019854419958, 24.411063038272303);13.82;