# line-id; start_node_id; end_node_id; start_time; duration; frequency; co-ordinates, length
l1;103180;103823;7.33;0.52;1;(21.69639315058535, 10.868543008226604);18.34;
l2;103823;103180;7.58;0.52;1;(182.53911458756943, 191.59687726785086);18.34;
l3;101816;101986;7.25;0.53;1;(141.82367756993654, 198.61984623208036);18.63;
l4;101986;101816;7.5;0.53;1;(49.816384079990016, 12.458709627368348);18.63;
l5;104669;102756;7.25;0.54;1;(194.7808469622709, 169.86008141020343);18.99;
l6;102756;104669;7.5;0.54;1;(11.535837557468772, 28.740964773385542);18.99;
l7;103960;104239;7.0;0.51;1;(17.993295002465427, 183.00419238126386);17.93;
l8;104239;103960;7.25;0.51;1;(176.62484505307262, 20.67558695979857);17.93;
l9;104676;103791;7.0;0.53;1;(30.256407568440316, 190.015064393029);18.41;
l10;103791;104676;7.25;0.53;1;(166.48210070142068, 10.757319666188552);18.41;
l11;101825;101752;7.0;0.5;1;(1.8211626400111005, 157.60755960332088);17.47;
l12;101752;101825;7.25;0.5;1;(194.0284618778656, 42.67609090457633);17.47;
l13;101974;103542;7.25;0.51;2;(158.70730422914008, 3.2016409080242196);17.87;
l14;103542;101974;7.0;0.51;2;(53.028574662998565, 199.10097376219787);17.87;
l15;104704;104072;7.25;0.47;2;(199.62341640408687, 104.72454287397039);16.51;
l16;104072;104704;7.0;0.47;2;(2.321926991427273, 82.7254121876111);16.51;
l17;101986;103367;7.0;0.43;2;(49.816384079990016, 12.458709627368348);15.07;
l18;103367;101986;6.75;0.43;2;(151.817262139941, 178.93747581941815);15.07;
l19;102190;103989;7.33;0.47;2;(52.79578562649503, 188.89445062327138);16.51;
l20;103989;102190;7.08;0.47;2;(150.15560385650028, 7.191407130087924);16.51;
l21;102323;103457;7.33;0.44;1;(180.8237717861587, 33.733707911992035);15.32;
l22;103457;102323;7.58;0.44;1;(27.048783776409888, 163.2898403114636);15.32;
l23;101746;104665;7.33;0.38;1;(191.9176944436285, 96.58516558089119);13.15;
l24;104665;101746;7.58;0.38;1;(10.009385320790656, 107.09117198211258);13.15;