# line-id; start_node_id; end_node_id; start_time; duration; frequency; co-ordinates, length
l1;49189;50126;7.25;0.41;3;(158.44547096314832, 9.148340397579688);14.29;
l2;50126;49189;6.83;0.41;3;(49.72805596199942, 193.11635141382789);14.29;
l3;50564;50634;7.33;0.41;3;(189.1471964210629, 194.40187704219144);14.35;
l4;50634;50564;6.91;0.41;3;(45.643834405650644, 28.507135216717764);14.35;
l5;49766;50105;7.25;0.41;1;(53.92035586325605, 195.90112111952965);14.5;
l6;50105;49766;7.5;0.41;1;(135.02354970339067, 7.59484715855637);14.5;
l7;49592;49508;7.0;0.39;1;(6.930159340596189, 104.35395170621027);13.73;
l8;49508;49592;7.25;0.39;1;(186.90468804773073, 102.36296857436987);13.73;
l9;50568;49533;7.33;0.38;1;(13.107022495265252, 171.40912629167866);13.37;
l10;49533;50568;7.58;0.38;1;(177.3211547148029, 24.180419439594484);13.37;
l11;49779;49189;7.25;0.38;1;(37.752814865184554, 178.45517355939538);13.24;
l12;49189;49779;7.5;0.38;1;(158.44547096314832, 9.148340397579688);13.24;
l13;49555;49889;7.0;0.37;2;(95.81015198954726, 0.6908819869727709);12.78;
l14;49889;49555;6.75;0.37;2;(99.84382843005437, 184.56349010677613);12.78;
l15;50380;50413;7.33;0.35;2;(19.124759860019864, 158.9213676786708);12.29;
l16;50413;50380;7.08;0.35;2;(180.4813591056219, 44.229622147451416);12.29;