# line-id; start_node_id; end_node_id; start_time; duration; frequency; co-ordinates, length
l1;87390;87436;7.0;0.48;3;(172.53112151341085, 3.809928656948178);16.86;
l2;87436;87390;6.58;0.48;3;(28.94555987434603, 187.73694595937818);16.86;
l3;86557;84815;7.0;0.47;3;(184.4319008328556, 15.416659764366607);16.61;
l4;84815;86557;6.58;0.47;3;(17.12286685138092, 172.77633593940217);16.61;
l5;86759;86102;7.33;0.48;3;(198.40395989937238, 46.257567794644906);16.64;
l6;86102;86759;6.91;0.48;3;(8.510753125436084, 155.10093790813468);16.64;
l7;86354;85528;7.33;0.49;3;(47.43633728140312, 197.3777787714434);17.01;
l8;85528;86354;6.91;0.49;3;(157.10341022425757, 13.136437910858046);17.01;
l9;86581;84863;7.25;0.46;2;(18.02483244426063, 2.9153247360412062);16.05;
l10;84863;86581;7.0;0.46;2;(174.09042939814083, 179.84768708899608);16.05;
l11;85626;86689;7.25;0.45;2;(5.305142003115115, 53.870978590439734);15.91;
l12;86689;85626;7.0;0.45;2;(192.1098594544127, 135.96759962183432);15.91;
l13;85086;87400;7.33;0.46;1;(135.7641299746607, 6.863567337628083);16.22;
l14;87400;85086;7.58;0.46;1;(65.14994564436881, 192.735326737978);16.22;
l15;86148;86794;7.33;0.44;1;(5.312534810179178, 70.88992873977814);15.34;
l16;86794;86148;7.58;0.44;1;(196.3596606377631, 133.7180067806465);15.34;
l17;87136;85423;7.0;0.43;1;(6.273591290598057, 91.76841360553766);15.08;
l18;85423;87136;7.25;0.43;1;(196.71021596448466, 110.12863124548305);15.08;
l19;85860;86164;7.25;0.46;1;(119.27057818746881, 3.3503568776670343);15.97;
l20;86164;85860;7.5;0.46;1;(84.4982906826172, 193.4113275261981);15.97;
l21;86315;87147;7.25;0.42;1;(8.550751226383447, 103.86308379211955);14.58;
l22;87147;86315;7.5;0.42;1;(193.02306145212495, 90.07411317048962);14.58;
l23;85090;86198;7.25;0.41;1;(103.64563411087025, 6.455669021069574);14.22;
l24;86198;85090;7.5;0.41;1;(101.04962202674139, 187.45829848069314);14.22;