# line-id; start_node_id; end_node_id; start_time; duration; frequency; co-ordinates, length
l1;93404;93896;7.0;0.57;1;(8.632043027601497, 194.12514657230122);19.92;
l2;93896;93404;7.25;0.57;1;(178.00887004793034, 18.37580819726102);19.92;
l3;95455;95624;7.33;0.55;1;(20.86684798758166, 3.8100762146099822);19.41;
l4;95624;95455;7.58;0.55;1;(169.74406625105777, 194.58182940365265);19.41;
l5;94795;93896;7.33;0.53;2;(16.520916808876514, 179.8629587140445);18.42;
l6;93896;94795;7.08;0.53;2;(178.00887004793034, 18.37580819726102);18.42;
l7;94938;95457;7.33;0.54;2;(177.32354056220092, 186.10721845706968);19.0;
l8;95457;94938;7.08;0.54;2;(20.316855234752737, 19.432091003559783);19.0;
l9;93424;93269;7.0;0.48;1;(170.456989021333, 185.3707944921372);16.89;
l10;93269;93424;7.25;0.48;1;(34.25154761053672, 20.03680803384637);16.89;
l11;94628;93777;7.0;0.5;1;(18.887290908239247, 33.113487866371926);17.34;
l12;93777;94628;7.25;0.5;1;(183.7488674443603, 163.77568763102138);17.34;
l13;95408;94394;7.0;0.51;1;(12.7895390952524, 168.03268572839733);17.93;
l14;94394;95408;7.25;0.51;1;(182.95558460208517, 36.751544248892586);17.93;
l15;93847;93223;7.33;0.45;1;(48.17402273412972, 190.32508640609217);15.6;
l16;93223;93847;7.58;0.45;1;(145.11257112887552, 16.586586755942633);15.6;
l17;94441;93750;7.0;0.45;3;(185.1474611930353, 151.98191911455046);15.76;
l18;93750;94441;6.58;0.45;3;(17.580632390351454, 43.33391703715283);15.76;
l19;94090;94165;7.0;0.43;3;(22.66631348951487, 43.74377856395465);15.08;
l20;94165;94090;6.58;0.43;3;(174.01693510597536, 157.86706827589924);15.08;
l21;95751;94757;7.0;0.39;3;(74.79410532554412, 6.759642634590463);13.69;
l22;94757;95751;6.58;0.39;3;(133.36067813077014, 187.99598957088818);13.69;
l23;93332;95071;7.33;0.42;3;(179.1537673352639, 151.1217182398923);14.64;
l24;95071;93332;6.91;0.42;3;(23.25789437519454, 48.03325343170052);14.64;