# line-id; start_node_id; end_node_id; start_time; duration; frequency; co-ordinates, length
l1;114794;114139;7.33;0.44;1;(38.05605592456441, 1.6216740078895668);15.24;
l2;114139;114794;7.58;0.44;1;(152.74579767414747, 187.81924217090827);15.24;
l3;114062;115287;7.33;0.43;1;(19.786604668426893, 14.97929520604511);14.91;
l4;115287;114062;7.58;0.43;1;(175.35842321641564, 177.45480186991665);14.91;
l5;115137;115331;7.25;0.43;1;(6.325296515205256, 143.46729771659753);15.08;
l6;115331;115137;7.5;0.43;1;(196.52524953384065, 54.4060725124222);15.08;
l7;115287;115114;7.0;0.4;1;(175.35842321641564, 177.45480186991665);13.99;
l8;115114;115287;7.25;0.4;1;(24.347512118950124, 25.097909007749603);13.99;
l9;114632;114195;7.25;0.4;2;(20.64446537548091, 174.56122256435057);14.05;
l10;114195;114632;7.0;0.4;2;(182.5584026325482, 26.776788856196866);14.05;
l11;113816;115175;7.0;0.37;2;(135.02676037476036, 7.10086596701725);12.89;
l12;115175;113816;6.75;0.37;2;(50.55322609677927, 181.7034346283261);12.89;
l13;114094;114215;7.25;0.38;1;(6.415218265679803, 95.72533095177357);13.41;
l14;114215;114094;7.5;0.38;1;(183.2950655093505, 97.7602101373154);13.41;
l15;113904;114857;7.25;0.37;1;(20.024460649206887, 31.848674931465542);13.06;
l16;114857;113904;7.5;0.37;1;(174.00036511414135, 159.97723582031267);13.06;