# line-id; start_node_id; end_node_id; start_time; duration; frequency; co-ordinates, length
l1;6418;6230;7.25;0.45;2;(185.54453424203737, 20.716957596709168);15.9;
l2;6230;6418;7.0;0.45;2;(26.452982794971327, 165.3398077496224);15.9;
l3;6227;6688;7.25;0.41;2;(52.48866552107749, 6.200772587694767);14.45;
l4;6688;6227;7.0;0.41;2;(141.44690268889144, 189.06109009583616);14.45;
l5;6688;6227;7.0;0.43;1;(141.44690268889144, 189.06109009583616);15.02;
l6;6227;6688;7.25;0.43;1;(52.48866552107749, 6.200772587694767);15.02;
l7;5924;6688;7.33;0.42;1;(39.197712874505534, 6.771035552260847);14.86;
l8;6688;5924;7.58;0.42;1;(141.44690268889144, 189.06109009583616);14.86;
l9;6230;5699;7.33;0.43;1;(26.452982794971327, 165.3398077496224);14.88;
l10;5699;6230;7.58;0.43;1;(170.484883455119, 30.51230858653873);14.88;
l11;6299;5269;7.25;0.42;1;(6.781144162536933, 48.77265331346148);14.67;
l12;5269;6299;7.5;0.42;1;(192.89522674242608, 148.2570224301974);14.67;
l13;5702;5305;7.33;0.4;1;(197.19646119781595, 135.61733936383192);14.11;
l14;5305;5702;7.58;0.4;1;(4.054524313372668, 78.95965307197837);14.11;
l15;6722;6375;7.0;0.39;1;(186.500502651719, 46.900275564483564);13.66;
l16;6375;6722;7.25;0.39;1;(22.28315136273662, 138.94713951415258);13.66;